0 0.064 0.2465 0.128 0.0255
0 0.0615 0.3355 0.1225 0.02
0 0.063 0.399 0.126 0.0185
0 0.9415 0.25 0.117 0.0235
0 0.0715 0.564 0.143 0.017
0 0.0705 0.641 0.141 0.0185
0 0.0685 0.708 0.137 0.024
0 0.0715 0.7965 0.143 0.017
0 0.5 0.877 1 0.024
0 0.4905 0.779 0.6935 0.0215
0 0.4945 0.6865 0.6935 0.023
0 0.26 0.605 0.245 0.019
0 0.7395 0.4065 0.248 0.0145
0 0.2535 0.4035 0.2395 0.0205
0 0.3755 0.4655 0.4715 0.0165
0 0.2625 0.529 0.233 0.0175
0 0.613 0.585 0.464 0.0225
0 0.732 0.5075 0.233 0.024
0 0.927 0.491 0.146 0.018
0 0.932 0.4105 0.136 0.023
0 0.927 0.565 0.146 0.02
0 0.93 0.6435 0.14 0.021
0 0.924 0.729 0.1515 0.019
0 0.924 0.799 0.1515 0.021