0 0.54 0.2795 0.92 0.019
0 0.037 0.253 0.0735 0.0195
0 0.043 0.3665 0.0855 0.018
0 0.923 0.369 0.1535 0.017
0 0.464 0.3895 0.7535 0.019
0 0.9205 0.453 0.159 0.0175
0 0.043 0.4735 0.086 0.019
0 0.466 0.4925 0.7365 0.02
0 0.9155 0.555 0.169 0.0205
0 0.912 0.6545 0.176 0.0205
0 0.049 0.555 0.098 0.018
0 0.458 0.596 0.734 0.0185
0 0.051 0.6565 0.102 0.0225
0 0.4635 0.696 0.717 0.0215
0 0.9125 0.732 0.175 0.02
0 0.0535 0.7725 0.1065 0.0205
0 0.461 0.7895 0.7125 0.026
0 0.909 0.8085 0.182 0.023
0 0.5 0.894 1 0.0275