4 0.6958333333333333 0.46875 0.69375 0.5171875 0.7541666666666667 0.525 0.7604166666666666 0.5171875 0.7604166666666666 0.43125 0.7083333333333334 0.43125
4 0.585125 0.471515625 0.058416666666666665 0.08875
4 0.28479166666666667 0.462328125 0.049791666666666665 0.08840624999999999
4 0.4440208333333333 0.626671875 0.058958333333333335 0.1023125
4 0.18360416666666665 0.4575625 0.0428125 0.082703125
4 0.5266729166666667 0.8510921874999999 0.5276145833333333 0.91896875 0.5605916666666667 0.9401796875 0.5794354166666668 0.939471875 0.57755 0.8503859374999999
4 0.8413583333333333 0.44116406250000006 0.8338208333333333 0.5330796875 0.9129625 0.542978125 0.9205 0.431265625
4 0.43810416666666663 0.46262499999999995 0.050875000000000004 0.08153125
4 0.6571645833333334 0.042575 0.6576354166666667 0.1359796875 0.718875 0.1303234375 0.7179333333333333 0.032753125
4 0.5177291666666667 0.273671875 0.065 0.11065624999999998
4 0.9354583333333333 0.20534375 0.09822916666666666 0.12134375
4 0.6996875 0.940453125 0.06666666666666667 0.0984375