1 0.8096632503660323 0.07421875 0.8169838945827232 0.07421875 0.8272327964860908 0.080078125 0.8330893118594437 0.080078125 0.8374816983894583 0.083984375 0.8448023426061494 0.083984375 0.8521229868228404 0.08984375 0.8609077598828697 0.08984375 0.8726207906295754 0.09765625 0.9136163982430454 0.11328125 0.9209370424597365 0.125 0.9165446559297218 0.12890625 0.9121522693997072 0.14453125 0.9106881405563689 0.146484375 0.8931185944363104 0.14453125 0.8872620790629575 0.138671875 0.8828696925329429 0.140625 0.87701317715959 0.134765625 0.8711566617862372 0.134765625 0.8682284040995608 0.130859375 0.8653001464128843 0.1328125 0.862371888726208 0.126953125 0.8609077598828697 0.12890625 0.8535871156661786 0.126953125 0.8506588579795022 0.12109375 0.8477306002928258 0.103515625 0.8433382137628112 0.103515625 0.83601756954612 0.11328125 0.8345534407027818 0.119140625 0.8243045387994143 0.1171875 0.8199121522693997 0.109375 0.8140556368960469 0.107421875 0.8140556368960469 0.09375 0.8111273792093704 0.087890625 0.8111273792093704 0.076171875
1 0.28111273792093705 0.35546875 0.40995607613469986 0.357421875 0.4143484626647145 0.359375 0.4128843338213763 0.361328125 0.4143484626647145 0.365234375 0.4289897510980966 0.365234375 0.424597364568082 0.365234375 0.4216691068814056 0.369140625 0.4216691068814056 0.375 0.42752562225475843 0.380859375 0.43191800878477304 0.380859375 0.4363103953147877 0.37109375 0.43191800878477304 0.359375 0.4816983894582723 0.359375 0.48316251830161056 0.361328125 0.48316251830161056 0.380859375 0.4802342606149341 0.38671875 0.4743777452415813 0.388671875 0.4363103953147877 0.38671875 0.43484626647144947 0.384765625 0.42752562225475843 0.38671875 0.4216691068814056 0.384765625 0.4084919472913616 0.388671875 0.3938506588579795 0.388671875 0.3762811127379209 0.384765625 0.31332357247437775 0.388671875 0.30600292825768666 0.384765625 0.30161054172767204 0.36328125 0.2986822840409956 0.359375 0.29282576866764276 0.361328125 0.29428989751098095 0.359375 0.29282576866764276 0.35546875 0.28257686676427524 0.35546875
1 0.9209370424597365 0.248046875 0.9297218155197657 0.248046875 0.9458272327964861 0.25390625 0.9604685212298683 0.25390625 0.9692532942898975 0.2578125 0.9795021961932651 0.2578125 0.9853587115666179 0.26171875 0.9853587115666179 0.275390625 0.9677891654465594 0.28125 0.9575402635431918 0.28125 0.9531478770131772 0.27734375 0.9472913616398243 0.27734375 0.9253294289897511 0.265625 0.9224011713030746 0.26171875 0.9209370424597365 0.25
1 0.6120058565153733 0 0.6398243045387995 0.0078125 0.677891654465593 0.0234375 0.6808199121522694 0.03125 0.6793557833089312 0.041015625 0.6720351390922401 0.04296875 0.664714494875549 0.037109375 0.6456808199121523 0.037109375 0.6266471449487555 0.0234375 0.6090775988286969 0.021484375 0.6090775988286969 0.00390625 0.6105417276720352 0.001953125
1 0.849194729136164 0.650390625 0.8550512445095169 0.65234375 0.849194729136164 0.654296875 0.849194729136164 0.65234375
1 0.8609077598828697 0.646484375 0.8667642752562226 0.650390625 0.8711566617862372 0.6484375 0.8726207906295754 0.650390625 0.8653001464128843 0.650390625 0.8579795021961932 0.66015625 0.8535871156661786 0.662109375 0.849194729136164 0.662109375 0.8462664714494875 0.65234375 0.8521229868228404 0.646484375 0.8594436310395315 0.646484375
1 0.9985358711566618 0.59765625 0.9985358711566618 0.603515625 0.9956076134699854 0.603515625 0.986822840409956 0.611328125 0.9809663250366032 0.611328125 0.972181551976574 0.625 0.9663250366032211 0.62890625 0.9663250366032211 0.623046875 0.9619326500732065 0.619140625 0.95900439238653 0.623046875 0.9443631039531479 0.625 0.9399707174231332 0.62890625 0.9238653001464129 0.6328125 0.8975109809663251 0.646484375 0.8784773060029283 0.650390625 0.8565153733528551 0.6640625 0.849194729136164 0.6640625 0.8448023426061494 0.66015625 0.8389458272327965 0.666015625 0.828696925329429 0.66796875 0.8140556368960469 0.677734375 0.7554904831625183 0.69921875 0.739385065885798 0.708984375 0.7320644216691069 0.708984375 0.7276720351390923 0.712890625 0.7130307467057101 0.716796875 0.698389458272328 0.724609375 0.6852122986822841 0.7265625 0.6764275256222547 0.732421875 0.6603221083455344 0.736328125 0.6486090775988287 0.744140625 0.6149341142020498 0.75390625 0.6061493411420205 0.76953125 0.6002928257686676 0.76171875 0.6017569546120058 0.748046875 0.5988286969253295 0.744140625 0.5944363103953147 0.744140625 0.5929721815519766 0.74609375 0.5944363103953147 0.759765625 0.5929721815519766 0.765625 0.5871156661786238 0.763671875 0.575402635431918 0.771484375 0.5695461200585652 0.771484375 0.554904831625183 0.779296875 0.5373352855051244 0.78125 0.5344070278184481 0.78515625 0.5095168374816984 0.79296875 0.5051244509516838 0.796875 0.4787701317715959 0.806640625 0.4582723279648609 0.80859375 0.45241581259150804 0.8125 0.4407027818448023 0.8125 0.4333821376281113 0.8203125 0.42752562225475843 0.8203125 0.39970717423133234 0.833984375 0.38653001464128844 0.833984375 0.3762811127379209 0.841796875 0.37042459736456806 0.841796875 0.35871156661786235 0.84765625 0.3513909224011713 0.84765625 0.3367496339677892 0.85546875 0.3235724743777452 0.857421875 0.31771595900439237 0.861328125 0.3118594436310395 0.861328125 0.3118594436310395 0.853515625 0.3074670571010249 0.84765625 0.3089311859443631 0.837890625 0.32650073206442165 0.833984375 0.3396778916544656 0.826171875 0.34699853587115664 0.826171875 0.35871156661786235 0.8203125 0.3718887262079063 0.818359375 0.37920937042459735 0.8125 0.3821376281112738 0.814453125 0.3967789165446559 0.8125 0.4011713030746706 0.80859375 0.4128843338213763 0.806640625 0.4158125915080527 0.802734375 0.4216691068814056 0.80078125 0.44216691068814057 0.798828125 0.4494875549048316 0.79296875 0.4568081991215227 0.79296875 0.4612005856515373 0.787109375 0.4802342606149341 0.783203125 0.48316251830161056 0.779296875 0.49194729136163984 0.775390625 0.513909224011713 0.771484375 0.5183016105417276 0.767578125 0.5256222547584187 0.767578125 0.5344070278184481 0.76171875 0.541727672035139 0.76171875 0.5739385065885798 0.748046875 0.5841874084919473 0.748046875 0.5900439238653001 0.744140625 0.595900439238653 0.744140625 0.5988286969253295 0.740234375 0.6178623718887262 0.734375 0.6222547584187409 0.73046875 0.6354319180087847 0.7265625 0.6427525622254758 0.720703125 0.6617862371888726 0.71875 0.6720351390922401 0.712890625 0.677891654465593 0.712890625 0.6837481698389458 0.70703125 0.7027818448023426 0.703125 0.7203513909224012 0.693359375 0.7349926793557833 0.69140625 0.7481698389458272 0.68359375 0.7613469985358712 0.681640625 0.7774524158125915 0.673828125 0.7979502196193266 0.669921875 0.8052708638360175 0.6640625 0.8111273792093704 0.6640625 0.8155197657393851 0.66015625 0.8448023426061494 0.650390625 0.8535871156661786 0.64453125 0.8667642752562226 0.642578125 0.8740849194729137 0.63671875 0.8887262079062958 0.634765625 0.8960468521229868 0.62890625 0.9019033674963397 0.62890625 0.9150805270863837 0.62109375 0.9267935578330894 0.619140625 0.9355783308931186 0.61328125 0.9443631039531479 0.61328125 0.9531478770131772 0.607421875 0.9663250366032211 0.60546875 0.9692532942898975 0.6015625 0.9882869692532943 0.595703125 0.9970717423133236 0.59765625
1 0.6251830161054173 0 0.6383601756954612 0.005859375 0.6486090775988287 0.00390625 0.6471449487554904 0.0078125 0.6486090775988287 0.009765625 0.6603221083455344 0.013671875 0.6720351390922401 0.013671875 0.6764275256222547 0.0078125 0.6734992679355783 0.00390625 0.677891654465593 0.00390625 0.6793557833089312 0.01171875 0.6764275256222547 0.017578125 0.6837481698389458 0.02734375 0.6822840409956076 0.0546875 0.6808199121522694 0.056640625 0.6822840409956076 0.05859375 0.6764275256222547 0.06640625 0.6676427525622255 0.0625 0.664714494875549 0.06640625 0.6544655929721815 0.068359375 0.6530014641288433 0.072265625 0.6500732064421669 0.0703125 0.6500732064421669 0.0625 0.6530014641288433 0.0625 0.6559297218155198 0.05859375 0.6530014641288433 0.0546875 0.6120058565153733 0.046875 0.6105417276720352 0.048828125 0.6134699853587116 0.052734375 0.6120058565153733 0.056640625 0.6193265007320644 0.068359375 0.6120058565153733 0.078125 0.6046852122986823 0.080078125 0.6017569546120058 0.078125 0.5988286969253295 0.08203125 0.595900439238653 0.068359375 0.6002928257686676 0.0546875 0.6032210834553441 0.052734375 0.6017569546120058 0.03125 0.6046852122986823 0.025390625 0.6046852122986823 0.01171875 0.6017569546120058 0.00390625 0.6046852122986823 0 0.623718887262079 0
1 0.4743777452415813 0.54296875 0.4773060029282577 0.546875 0.4773060029282577 0.552734375 0.47584187408491946 0.564453125 0.47291361639824303 0.5703125 0.46412884333821375 0.57421875 0.4216691068814056 0.578125 0.4055636896046852 0.583984375 0.38653001464128844 0.583984375 0.3806734992679356 0.587890625 0.3762811127379209 0.603515625 0.3733528550512445 0.59765625 0.37774524158125916 0.59765625 0.37920937042459735 0.59375 0.3762811127379209 0.58984375 0.3689604685212299 0.58984375 0.36603221083455345 0.583984375 0.3718887262079063 0.576171875 0.3689604685212299 0.5625 0.36603221083455345 0.564453125 0.363103953147877 0.560546875 0.35871156661786235 0.560546875 0.3557833089311859 0.564453125 0.3528550512445095 0.564453125 0.3484626647144949 0.57421875 0.3484626647144949 0.578125 0.3513909224011713 0.58203125 0.34992679355783307 0.587890625 0.34553440702781846 0.587890625 0.3411420204978038 0.59375 0.3279648609077599 0.59765625 0.2972181551976574 0.59765625 0.29428989751098095 0.599609375 0.2884333821376281 0.576171875 0.28550512445095166 0.572265625 0.2781844802342606 0.572265625 0.2781844802342606 0.5703125 0.31478770131771594 0.56640625 0.3294289897510981 0.560546875 0.34992679355783307 0.560546875 0.3513909224011713 0.5625 0.36603221083455345 0.560546875 0.38945827232796487 0.55078125 0.4143484626647145 0.552734375 0.4260614934114202 0.548828125 0.44216691068814057 0.548828125 0.47291361639824303 0.54296875
1 0.9663250366032211 0.62890625 0.9648609077598829 0.623046875 0.9472913616398243 0.625 0.9326500732064422 0.6328125 0.9077598828696926 0.640625 0.8989751098096632 0.646484375 0.8814055636896047 0.650390625 0.8535871156661786 0.666015625 0.8433382137628112 0.6640625 0.8316251830161054 0.66796875 0.8169838945827232 0.677734375 0.7774524158125915 0.69140625 0.7452415812591509 0.705078125 0.7408491947291361 0.708984375 0.7349926793557833 0.708984375 0.7203513909224012 0.716796875 0.7144948755490483 0.716796875 0.6969253294289898 0.7265625 0.6793557833089312 0.73046875 0.6530014641288433 0.744140625 0.6193265007320644 0.75390625 0.6120058565153733 0.759765625 0.6120058565153733 0.771484375 0.6061493411420205 0.7734375 0.6046852122986823 0.779296875 0.6032210834553441 0.77734375 0.6046852122986823 0.775390625 0.5988286969253295 0.767578125 0.595900439238653 0.76953125 0.5856515373352855 0.767578125 0.5651537335285505 0.77734375 0.5475841874084919 0.78125 0.541727672035139 0.78515625 0.5329428989751098 0.78515625 0.5183016105417276 0.79296875 0.5124450951683748 0.79296875 0.49633967789165445 0.802734375 0.4904831625183016 0.802734375 0.4773060029282577 0.80859375 0.4465592972181552 0.8125 0.4363103953147877 0.8203125 0.42752562225475843 0.822265625 0.4143484626647145 0.830078125 0.4084919472913616 0.830078125 0.39824304538799415 0.8359375 0.38945827232796487 0.8359375 0.3645680819912152 0.84765625 0.3557833089311859 0.84765625 0.3411420204978038 0.85546875 0.32210834553440704 0.859375 0.3089311859443631 0.865234375 0.30600292825768666 0.865234375 0.30453879941434847 0.861328125 0.30453879941434847 0.8515625 0.3001464128843338 0.849609375 0.2986822840409956 0.84765625 0.3001464128843338 0.845703125 0.2957540263543192 0.841796875 0.3103953147877013 0.833984375 0.3206442166910688 0.833984375 0.33821376281112736 0.82421875 0.34992679355783307 0.82421875 0.35431918008784774 0.8203125 0.363103953147877 0.8203125 0.37774524158125916 0.8125 0.3953147877013177 0.810546875 0.4158125915080527 0.802734375 0.42313323572474376 0.796875 0.43923865300146414 0.796875 0.45241581259150804 0.791015625 0.45534407027818447 0.79296875 0.45973645680819913 0.7890625 0.4582723279648609 0.787109375 0.45973645680819913 0.78515625 0.4699853587115666 0.78515625 0.4978038067349927 0.771484375 0.5095168374816984 0.771484375 0.5153733528550513 0.767578125 0.527086383601757 0.765625 0.5314787701317716 0.76171875 0.5592972181551976 0.75390625 0.5695461200585652 0.748046875 0.5900439238653001 0.744140625 0.6032210834553441 0.736328125 0.6339677891654466 0.7265625 0.6427525622254758 0.71875 0.664714494875549 0.716796875 0.6793557833089312 0.7109375 0.6852122986822841 0.705078125 0.6939970717423133 0.705078125 0.7130307467057101 0.697265625 0.7159590043923866 0.693359375 0.7335285505124451 0.69140625 0.7496339677891655 0.681640625 0.7657393850658858 0.6796875 0.7759882869692533 0.673828125 0.7994143484626647 0.66796875 0.8038067349926794 0.6640625 0.8140556368960469 0.662109375 0.8374816983894583 0.650390625 0.8433382137628112 0.650390625 0.8521229868228404 0.64453125 0.8696925329428989 0.640625 0.8799414348462665 0.634765625 0.8887262079062958 0.634765625 0.91800878477306 0.619140625 0.9472913616398243 0.611328125 0.9516837481698389 0.607421875 0.9677891654465594 0.603515625 0.9765739385065886 0.59765625 0.9853587115666179 0.59765625 0.9941434846266471 0.59375 0.9985358711566618 0.595703125 0.9985358711566618 0.60546875 0.9809663250366032 0.61328125 0.9736456808199122 0.625 0.9692532942898975 0.625 0.9677891654465594 0.62890625
1 0.21376281112737922 0.3515625 0.22547584187408493 0.357421875 0.2342606149341142 0.357421875 0.23718887262079064 0.361328125 0.23572474377745242 0.369140625 0.23865300146412885 0.3828125 0.2342606149341142 0.38671875 0.23133235724743778 0.384765625 0.191800878477306 0.384765625 0.18594436310395315 0.3828125 0.18448023426061494 0.380859375 0.18594436310395315 0.376953125 0.1800878477306003 0.37109375 0.17862371888726208 0.36328125 0.17569546120058566 0.3671875 0.17569546120058566 0.375 0.16691068814055637 0.384765625 0.14055636896046853 0.38671875 0.1390922401171303 0.388671875 0.12884333821376281 0.38671875 0.12298682284040996 0.376953125 0.12445095168374817 0.373046875 0.12298682284040996 0.359375 0.1259150805270864 0.35546875 0.1390922401171303 0.35546875 0.14055636896046853 0.357421875 0.16544655929721816 0.35546875 0.16398243045387995 0.359375 0.1683748169838946 0.36328125 0.17130307467057102 0.359375 0.17130307467057102 0.35546875 0.17715959004392387 0.353515625 0.1815519765739385 0.353515625 0.18448023426061494 0.357421875 0.1903367496339678 0.359375 0.19912152269399708 0.357421875 0.20351390922401172 0.361328125 0.20497803806734993 0.357421875 0.2020497803806735 0.35546875 0.212298682284041 0.3515625
1 0.5563689604685212 0.357421875 0.5578330893118595 0.359375 0.5710102489019033 0.359375 0.5724743777452416 0.357421875 0.5841874084919473 0.357421875 0.5856515373352855 0.359375 0.6661786237188873 0.359375 0.6808199121522694 0.35546875 0.6822840409956076 0.357421875 0.7247437774524158 0.357421875 0.726207906295754 0.359375 0.7730600292825769 0.359375 0.7789165446559297 0.36328125 0.7891654465592972 0.359375 0.7906295754026355 0.361328125 0.8023426061493412 0.359375 0.8125915080527086 0.361328125 0.8140556368960469 0.373046875 0.808199121522694 0.384765625 0.7950219619326501 0.384765625 0.7920937042459737 0.380859375 0.7906295754026355 0.373046875 0.7833089311859444 0.36328125 0.7745241581259151 0.3828125 0.7510980966325037 0.384765625 0.7481698389458272 0.3828125 0.746705710102489 0.373046875 0.7423133235724744 0.365234375 0.7320644216691069 0.36328125 0.7276720351390923 0.37109375 0.7291361639824304 0.376953125 0.7247437774524158 0.3828125 0.7159590043923866 0.384765625 0.705710102489019 0.3828125 0.6969253294289898 0.36328125 0.6866764275256223 0.361328125 0.6822840409956076 0.365234375 0.6808199121522694 0.380859375 0.6749633967789166 0.384765625 0.6734992679355783 0.3828125 0.6486090775988287 0.3828125 0.6471449487554904 0.384765625 0.6456808199121523 0.3828125 0.6325036603221084 0.3828125 0.6310395314787701 0.384765625 0.5724743777452416 0.3828125 0.554904831625183 0.38671875 0.5431918008784773 0.38671875 0.5402635431918009 0.3828125 0.541727672035139 0.359375 0.554904831625183 0.357421875