1 0.28257686676427524 0.896484375 0.2869692532942899 0.90234375 0.2869692532942899 0.912109375 0.2767203513909224 0.93359375 0.27379209370424595 0.9453125 0.25768667642752563 0.97265625 0.2547584187408492 0.96875 0.2562225475841874 0.95703125 0.2547584187408492 0.93359375 0.2591508052708638 0.93359375 0.2679355783308931 0.921875 0.27232796486090777 0.91015625 0.27232796486090777 0.90234375 0.2752562225475842 0.8984375 0.28111273792093705 0.896484375
1 0.5885797950219619 0.5234375 0.5988286969253295 0.533203125 0.5988286969253295 0.541015625 0.5944363103953147 0.541015625 0.5797950219619327 0.529296875 0.5797950219619327 0.5234375 0.582723279648609 0.51953125 0.5871156661786238 0.5234375
1 0.6295754026354319 0.421875 0.6325036603221084 0.419921875 0.6544655929721815 0.419921875 0.6559297218155198 0.421875 0.6720351390922401 0.421875 0.6822840409956076 0.427734375 0.6822840409956076 0.431640625 0.6734992679355783 0.43359375 0.6691068814055637 0.431640625 0.6325036603221084 0.431640625 0.6295754026354319 0.427734375 0.6295754026354319 0.423828125
1 0.424597364568082 0.58984375 0.42313323572474376 0.603515625 0.4084919472913616 0.6328125 0.40263543191800877 0.650390625 0.3967789165446559 0.66015625 0.3967789165446559 0.6640625 0.3806734992679356 0.6953125 0.37920937042459735 0.703125 0.3733528550512445 0.7109375 0.36603221083455345 0.73046875 0.35871156661786235 0.7421875 0.35871156661786235 0.74609375 0.33382137628111275 0.802734375 0.33382137628111275 0.806640625 0.3279648609077599 0.81640625 0.32210834553440704 0.833984375 0.2972181551976574 0.884765625 0.2884333821376281 0.90625 0.2884333821376281 0.912109375 0.2767203513909224 0.931640625 0.2752562225475842 0.94140625 0.26207906295754024 0.966796875 0.25768667642752563 0.970703125 0.2562225475841874 0.96875 0.2591508052708638 0.935546875 0.27232796486090777 0.91796875 0.2752562225475842 0.908203125 0.2752562225475842 0.900390625 0.2869692532942899 0.888671875 0.29282576866764276 0.87109375 0.29282576866764276 0.859375 0.31478770131771594 0.8203125 0.31771595900439237 0.8125 0.3162518301610542 0.80859375 0.31771595900439237 0.802734375 0.3206442166910688 0.802734375 0.3235724743777452 0.798828125 0.3367496339677892 0.7734375 0.3411420204978038 0.751953125 0.3308931185944363 0.73828125 0.32650073206442165 0.736328125 0.3279648609077599 0.734375 0.3528550512445095 0.734375 0.35871156661786235 0.732421875 0.3616398243045388 0.728515625 0.363103953147877 0.705078125 0.37774524158125916 0.6796875 0.37920937042459735 0.671875 0.3923865300146413 0.6484375 0.3953147877013177 0.63671875 0.42313323572474376 0.591796875
1 0.014641288433382138 0.556640625 0.013177159590043924 0.533203125 0.016105417276720352 0.529296875 0.07174231332357248 0.517578125 0.0849194729136164 0.517578125 0.08638360175695461 0.51953125 0.08784773060029283 0.54296875 0.0849194729136164 0.546875 0.0527086383601757 0.546875 0.03953147877013177 0.552734375 0.016105417276720352 0.556640625
1 0.9985358711566618 0.248046875 0.9985358711566618 0.27734375 0.9941434846266471 0.283203125 0.9809663250366032 0.279296875 0.9809663250366032 0.259765625 0.9824304538799414 0.25390625 0.9926793557833089 0.248046875 0.9970717423133236 0.248046875
1 0.45534407027818447 0.431640625 0.4582723279648609 0.43359375 0.4582723279648609 0.4375 0.4480234260614934 0.439453125 0.4465592972181552 0.4375 0.4480234260614934 0.43359375 0.4538799414348463 0.43359375
1 0.7818448023426061 0.318359375 0.7847730600292826 0.328125 0.7818448023426061 0.333984375 0.7759882869692533 0.337890625 0.7686676427525623 0.337890625 0.7554904831625183 0.34375 0.739385065885798 0.345703125 0.7247437774524158 0.3515625 0.7159590043923866 0.3515625 0.7101024890190337 0.35546875 0.6998535871156661 0.35546875 0.6764275256222547 0.3671875 0.6588579795021962 0.369140625 0.6530014641288433 0.375 0.6412884333821376 0.37890625 0.6295754026354319 0.37890625 0.6207906295754027 0.3828125 0.6046852122986823 0.3828125 0.6076134699853587 0.37890625 0.6207906295754027 0.373046875 0.6398243045387995 0.369140625 0.6456808199121523 0.365234375 0.6661786237188873 0.359375 0.6749633967789166 0.353515625 0.6939970717423133 0.349609375 0.718887262079063 0.337890625 0.7276720351390923 0.337890625 0.7423133235724744 0.330078125 0.7496339677891655 0.330078125 0.7584187408491947 0.32421875 0.780380673499268 0.3203125
1 0.5329428989751098 0.47265625 0.5622254758418741 0.47265625 0.5622254758418741 0.4765625 0.5592972181551976 0.478515625 0.5329428989751098 0.478515625 0.5329428989751098 0.474609375
1 0.7715959004392386 0.75 0.7818448023426061 0.751953125 0.7950219619326501 0.771484375 0.8038067349926794 0.779296875 0.8184480234260615 0.798828125 0.8301610541727672 0.80859375 0.8345534407027818 0.81640625 0.8462664714494875 0.828125 0.8506588579795022 0.830078125 0.8550512445095169 0.8359375 0.8565153733528551 0.8515625 0.8653001464128843 0.869140625 0.8609077598828697 0.87890625 0.8579795021961932 0.880859375 0.8535871156661786 0.87890625 0.8477306002928258 0.87109375 0.8448023426061494 0.861328125 0.8228404099560761 0.8359375 0.7891654465592972 0.787109375 0.7847730600292826 0.78515625 0.7745241581259151 0.771484375 0.7701317715959004 0.76171875 0.7715959004392386 0.751953125
1 0.698389458272328 0.587890625 0.7144948755490483 0.609375 0.7554904831625183 0.642578125 0.7657393850658858 0.65625 0.7715959004392386 0.658203125 0.7847730600292826 0.677734375 0.7891654465592972 0.677734375 0.7979502196193266 0.69140625 0.8169838945827232 0.705078125 0.8228404099560761 0.705078125 0.828696925329429 0.716796875 0.8404099560761347 0.72265625 0.8462664714494875 0.73046875 0.8579795021961932 0.73828125 0.862371888726208 0.751953125 0.862371888726208 0.76171875 0.8594436310395315 0.771484375 0.8579795021961932 0.7734375 0.8521229868228404 0.76953125 0.8389458272327965 0.75390625 0.8243045387994143 0.7421875 0.8096632503660323 0.7265625 0.8067349926793558 0.720703125 0.7920937042459737 0.708984375 0.7759882869692533 0.69140625 0.7701317715959004 0.677734375 0.7584187408491947 0.6640625 0.7408491947291361 0.650390625 0.7349926793557833 0.642578125 0.7086383601756955 0.619140625 0.698389458272328 0.599609375 0.6954612005856515 0.59765625 0.6954612005856515 0.58984375 0.6969253294289898 0.58984375
1 0.32650073206442165 0.736328125 0.3279648609077599 0.734375 0.3367496339677892 0.736328125 0.33821376281112736 0.734375 0.3616398243045388 0.732421875 0.3616398243045388 0.73828125 0.35871156661786235 0.7421875 0.34992679355783307 0.76953125 0.33528550512445093 0.80078125 0.33528550512445093 0.8046875 0.3308931185944363 0.810546875 0.3206442166910688 0.83984375 0.2957540263543192 0.890625 0.28989751098096633 0.912109375 0.2767203513909224 0.93359375 0.26939970717423134 0.955078125 0.25768667642752563 0.970703125 0.2562225475841874 0.96875 0.2562225475841874 0.947265625 0.2591508052708638 0.9375 0.2635431918008785 0.927734375 0.27232796486090777 0.91796875 0.27232796486090777 0.9140625 0.2752562225475842 0.91015625 0.2752562225475842 0.900390625 0.2869692532942899 0.88671875 0.29282576866764276 0.869140625 0.2913616398243045 0.859375 0.31478770131771594 0.818359375 0.3162518301610542 0.8046875 0.32210834553440704 0.80078125 0.3367496339677892 0.771484375 0.3396778916544656 0.751953125 0.33382137628111275 0.7421875 0.3279648609077599 0.73828125
1 0.24743777452415813 0.64453125 0.2518301610541728 0.64453125 0.30161054172767204 0.6015625 0.3089311859443631 0.59765625 0.31332357247437775 0.6015625 0.3089311859443631 0.609375 0.25768667642752563 0.65625 0.24743777452415813 0.66015625 0.24597364568081992 0.658203125 0.24743777452415813 0.646484375
1 0.3923865300146413 0.591796875 0.3953147877013177 0.595703125 0.3953147877013177 0.603515625 0.37920937042459735 0.6328125 0.3616398243045388 0.658203125 0.35871156661786235 0.666015625 0.3528550512445095 0.671875 0.34699853587115664 0.671875 0.3440702781844802 0.666015625 0.34553440702781846 0.65625 0.3616398243045388 0.630859375 0.37481698389458273 0.615234375 0.37920937042459735 0.60546875 0.38799414348462663 0.59375 0.39092240117130306 0.59375
1 0.03513909224011713 0.806640625 0.03513909224011713 0.78125 0.036603221083455345 0.779296875 0.04538799414348463 0.771484375 0.055636896046852125 0.767578125 0.07759882869692533 0.751953125 0.08931185944363104 0.73828125 0.09956076134699854 0.73828125 0.10248901903367497 0.7421875 0.10248901903367497 0.767578125 0.09956076134699854 0.771484375 0.07613469985358712 0.779296875 0.055636896046852125 0.796875 0.040995607613469986 0.806640625 0.036603221083455345 0.806640625
1 0.04465592972181552 0.408203125 0.08931185944363104 0.30078125
1 0.9692532942898975 0.6796875 0.9795021961932651 0.681640625 0.986822840409956 0.6875 0.9985358711566618 0.689453125 0.9985358711566618 0.720703125 0.9926793557833089 0.720703125 0.9692532942898975 0.705078125 0.9677891654465594 0.69921875 0.9677891654465594 0.68359375 0.9692532942898975 0.681640625
1 0.6017569546120058 0.533203125 0.6120058565153733 0.537109375 0.6178623718887262 0.544921875 0.616398243045388 0.55078125 0.6076134699853587 0.54296875 0.6017569546120058 0.541015625 0.6002928257686676 0.5390625 0.6017569546120058 0.53515625
1 0.4787701317715959 0.435546875 0.4802342606149341 0.4296875 0.4904831625183016 0.4296875 0.49194729136163984 0.431640625 0.5007320644216691 0.4296875 0.5036603221083455 0.431640625 0.5226939970717424 0.431640625 0.5256222547584187 0.4296875 0.527086383601757 0.431640625 0.527086383601757 0.435546875 0.4802342606149341 0.435546875
1 0.3103953147877013 0.7265625 0.31332357247437775 0.732421875 0.3118594436310395 0.740234375 0.2972181551976574 0.76171875 0.28989751098096633 0.77734375 0.2591508052708638 0.828125 0.2547584187408492 0.833984375 0.25036603221083453 0.83203125 0.2518301610541728 0.80859375 0.2591508052708638 0.802734375 0.26061493411420206 0.796875 0.2679355783308931 0.7890625 0.2957540263543192 0.744140625 0.3089311859443631 0.728515625
1 0.5314787701317716 0.431640625 0.5622254758418741 0.431640625 0.5622254758418741 0.435546875 0.5329428989751098 0.435546875 0.5329428989751098 0.43359375
1 0.6603221083455344 0.751953125 0.6676427525622255 0.751953125 0.6720351390922401 0.755859375 0.6720351390922401 0.759765625 0.6808199121522694 0.779296875 0.6822840409956076 0.7890625 0.6910688140556369 0.80078125 0.7027818448023426 0.80859375 0.7071742313323572 0.818359375 0.726207906295754 0.845703125 0.7276720351390923 0.87109375 0.7540263543191801 0.9140625 0.7554904831625183 0.93359375 0.7584187408491947 0.9375 0.7584187408491947 0.94140625 0.767203513909224 0.955078125 0.7789165446559297 0.9609375 0.780380673499268 0.98828125 0.7833089311859444 0.994140625 0.7789165446559297 0.998046875 0.7730600292825769 0.998046875 0.7628111273792094 0.982421875 0.7598828696925329 0.970703125 0.7437774524158126 0.943359375 0.739385065885798 0.9296875 0.7276720351390923 0.91015625 0.7247437774524158 0.8984375 0.7130307467057101 0.880859375 0.7130307467057101 0.875 0.7086383601756955 0.8671875 0.7071742313323572 0.859375 0.7027818448023426 0.85546875 0.6954612005856515 0.833984375 0.6764275256222547 0.796875 0.6764275256222547 0.7890625 0.6632503660322109 0.763671875 0.6603221083455344 0.75390625
1 0.4802342606149341 0.49609375 0.5256222547584187 0.498046875 0.5256222547584187 0.501953125 0.4904831625183016 0.501953125 0.4890190336749634 0.50390625 0.4802342606149341 0.50390625 0.4802342606149341 0.498046875
1 0.7027818448023426 0.509765625 0.7071742313323572 0.513671875 0.7408491947291361 0.525390625 0.7701317715959004 0.541015625 0.7920937042459737 0.544921875 0.7950219619326501 0.552734375 0.7920937042459737 0.55859375 0.7686676427525623 0.556640625 0.7349926793557833 0.5390625 0.7306002928257687 0.5390625 0.7232796486090776 0.533203125 0.718887262079063 0.533203125 0.6925329428989752 0.517578125 0.6910688140556369 0.515625 0.6925329428989752 0.5078125 0.7013177159590044 0.509765625
1 0.31332357247437775 0.654296875 0.3162518301610542 0.658203125 0.31478770131771594 0.671875 0.2869692532942899 0.703125 0.2562225475841874 0.744140625 0.2518301610541728 0.748046875 0.24890190336749635 0.744140625 0.25036603221083453 0.728515625 0.2781844802342606 0.697265625 0.2957540263543192 0.671875 0.3118594436310395 0.65625
1 0.6544655929721815 0.419921875 0.6559297218155198 0.421875 0.6764275256222547 0.423828125 0.6866764275256223 0.431640625 0.6998535871156661 0.431640625 0.7071742313323572 0.42578125 0.7144948755490483 0.42578125 0.7291361639824304 0.431640625 0.7950219619326501 0.43359375 0.7994143484626647 0.44140625 0.7964860907759883 0.44921875 0.7598828696925329 0.44921875 0.7291361639824304 0.443359375 0.705710102489019 0.443359375 0.7013177159590044 0.439453125 0.698389458272328 0.431640625 0.6969253294289898 0.43359375 0.6939970717423133 0.431640625 0.6822840409956076 0.431640625 0.6808199121522694 0.43359375 0.6427525622254758 0.431640625 0.6354319180087847 0.43359375 0.6310395314787701 0.431640625 0.6295754026354319 0.421875 0.6530014641288433 0.419921875
1 0.4802342606149341 0.451171875 0.5241581259150805 0.451171875 0.5285505124450952 0.455078125 0.527086383601757 0.45703125 0.4904831625183016 0.45703125 0.48316251830161056 0.458984375 0.4802342606149341 0.462890625 0.4787701317715959 0.458984375 0.4802342606149341 0.453125
1 0.3308931185944363 0.802734375 0.3323572474377745 0.802734375 0.3308931185944363 0.810546875 0.3279648609077599 0.8125 0.3206442166910688 0.8359375 0.3103953147877013 0.85546875 0.30600292825768666 0.869140625 0.30307467057101023 0.87109375 0.30307467057101023 0.875 0.2986822840409956 0.87890625 0.2884333821376281 0.9140625 0.2781844802342606 0.931640625 0.2752562225475842 0.943359375 0.2635431918008785 0.966796875 0.25768667642752563 0.97265625 0.2562225475841874 0.970703125 0.2562225475841874 0.94140625 0.26939970717423134 0.919921875 0.27379209370424595 0.908203125 0.27232796486090777 0.90234375 0.2840409956076135 0.892578125 0.2884333821376281 0.884765625 0.29428989751098095 0.8828125 0.2913616398243045 0.876953125 0.29282576866764276 0.857421875 0.2986822840409956 0.859375 0.30307467057101023 0.85546875 0.3001464128843338 0.845703125 0.30600292825768666 0.837890625 0.30600292825768666 0.83203125 0.3089311859443631 0.828125 0.3103953147877013 0.818359375 0.31332357247437775 0.814453125 0.3279648609077599 0.8125 0.3294289897510981 0.8046875
1 0.3103953147877013 0.53515625 0.31332357247437775 0.541015625 0.30600292825768666 0.548828125 0.24743777452415813 0.5859375 0.2445095168374817 0.5859375 0.2445095168374817 0.5703125 0.24597364568081992 0.568359375 0.2781844802342606 0.552734375 0.2957540263543192 0.5390625 0.3089311859443631 0.53515625
1 0.5197657393850659 0.408203125 0.5212298682284041 0.41015625 0.5256222547584187 0.408203125 0.5285505124450952 0.4140625 0.4787701317715959 0.4140625 0.4802342606149341 0.41015625 0.5183016105417276 0.408203125
1 0.16764275256222547 0.6318359375 0.036603221083455345 0.041015625
1 0.18594436310395315 0.703125 0.18887262079062958 0.71484375 0.18740849194729137 0.7265625 0.1595900439238653 0.751953125 0.14641288433382138 0.767578125 0.12884333821376281 0.78125 0.1273792093704246 0.765625 0.13030746705710103 0.75390625 0.1478770131771596 0.740234375 0.15666178623718888 0.728515625 0.1698389458272328 0.71875 0.18448023426061494 0.703125
1 0.19472913616398244 0.9140625 0.19619326500732065 0.916015625 0.19619326500732065 0.93359375 0.19326500732064422 0.943359375 0.1683748169838946 0.98046875 0.16105417276720352 0.978515625 0.16105417276720352 0.962890625 0.1595900439238653 0.9609375 0.16105417276720352 0.951171875 0.17569546120058566 0.9375 0.17715959004392387 0.9296875 0.18594436310395315 0.916015625 0.19326500732064422 0.9140625
1 0.9985358711566618 0.904296875 0.9985358711566618 0.94140625 0.9926793557833089 0.94140625 0.986822840409956 0.9375 0.9604685212298683 0.908203125 0.9604685212298683 0.869140625 0.9648609077598829 0.8515625 0.9780380673499268 0.8515625 0.9795021961932651 0.853515625 0.9838945827232797 0.8671875 0.9912152269399708 0.87890625 0.9912152269399708 0.88671875 0.9970717423133236 0.904296875
1 0.5534407027818448 0.49609375 0.5607613469985359 0.498046875 0.5622254758418741 0.501953125 0.5592972181551976 0.50390625 0.5578330893118595 0.501953125 0.5461200585651538 0.501953125 0.5446559297218155 0.50390625 0.5329428989751098 0.501953125 0.5314787701317716 0.5 0.5329428989751098 0.49609375 0.5519765739385066 0.49609375
1 0.623718887262079 0.525390625 0.6281112737920937 0.525390625 0.636896046852123 0.53125 0.6412884333821376 0.537109375 0.6661786237188873 0.5546875 0.6749633967789166 0.568359375 0.6749633967789166 0.572265625 0.6661786237188873 0.5703125 0.6442166910688141 0.548828125 0.6310395314787701 0.541015625 0.623718887262079 0.53125 0.623718887262079 0.52734375
1 0.6017569546120058 0.474609375 0.6002928257686676 0.470703125 0.6017569546120058 0.466796875 0.6193265007320644 0.47265625 0.6193265007320644 0.4765625 0.616398243045388 0.48046875 0.6032210834553441 0.474609375
1 0.9751098096632503 0.494140625 0.9736456808199122 0.47265625 0.9765739385065886 0.46875 0.9795021961932651 0.470703125 0.9985358711566618 0.46875 0.9985358711566618 0.49609375 0.9912152269399708 0.498046875 0.9765739385065886 0.494140625
1 0.616398243045388 0.58203125 0.6427525622254758 0.61328125 0.6500732064421669 0.623046875 0.6500732064421669 0.626953125 0.6720351390922401 0.654296875 0.6749633967789166 0.6640625 0.6896046852122987 0.68359375 0.6969253294289898 0.69921875 0.6954612005856515 0.70703125 0.6837481698389458 0.693359375 0.6251830161054173 0.60546875 0.6193265007320644 0.595703125 0.616398243045388 0.583984375
1 0.527086383601757 0.4765625 0.527086383601757 0.48046875 0.4787701317715959 0.48046875 0.48316251830161056 0.4765625 0.5256222547584187 0.4765625
1 0.6178623718887262 0.587890625 0.6251830161054173 0.59375 0.6486090775988287 0.623046875 0.6500732064421669 0.62890625 0.6676427525622255 0.650390625 0.6749633967789166 0.66796875 0.6852122986822841 0.681640625 0.6881405563689604 0.681640625 0.6998535871156661 0.701171875 0.7071742313323572 0.705078125 0.7379209370424598 0.744140625 0.7481698389458272 0.744140625 0.7510980966325037 0.765625 0.7642752562225475 0.787109375 0.7715959004392386 0.79296875 0.7715959004392386 0.796875 0.7686676427525623 0.798828125 0.7613469985358712 0.79296875 0.7174231332357247 0.734375 0.7086383601756955 0.71875 0.7027818448023426 0.716796875 0.6954612005856515 0.708984375 0.6603221083455344 0.658203125 0.6471449487554904 0.634765625 0.6325036603221084 0.6171875 0.6178623718887262 0.58984375
1 0.424597364568082 0.587890625 0.42313323572474376 0.603515625 0.3689604685212299 0.72265625 0.36603221083455345 0.7265625 0.3616398243045388 0.72265625 0.3601756954612006 0.712890625 0.3616398243045388 0.705078125 0.3762811127379209 0.681640625 0.37920937042459735 0.669921875 0.3850658857979502 0.662109375 0.3967789165446559 0.6328125 0.40702781844802344 0.615234375 0.4158125915080527 0.60546875 0.42313323572474376 0.58984375
1 0 0.2578125 0.008784773060029283 0.2578125 0.03074670571010249 0.267578125 0.036603221083455345 0.267578125 0.05124450951683748 0.275390625 0.0849194729136164 0.28515625 0.08931185944363104 0.2890625 0.08931185944363104 0.3046875 0.09077598828696926 0.306640625 0.09077598828696926 0.322265625 0.08199121522693997 0.32421875 0.07906295754026355 0.3203125 0.055636896046852125 0.306640625 0.01903367496339678 0.3046875 0.010248901903367497 0.298828125 0.0029282576866764276 0.298828125 0 0.296875 0 0.259765625
1 0.5329428989751098 0.45703125 0.5344070278184481 0.451171875 0.5622254758418741 0.451171875 0.5636896046852123 0.455078125 0.5622254758418741 0.45703125 0.5387994143484627 0.45703125 0.5373352855051244 0.458984375 0.5344070278184481 0.45703125
1 0.5871156661786238 0.6015625 0.5944363103953147 0.607421875 0.6017569546120058 0.626953125 0.6193265007320644 0.65234375 0.6266471449487555 0.671875 0.636896046852123 0.685546875 0.6427525622254758 0.701171875 0.6471449487554904 0.705078125 0.6471449487554904 0.71484375 0.6500732064421669 0.720703125 0.6544655929721815 0.7265625 0.664714494875549 0.7265625 0.6705710102489019 0.732421875 0.6734992679355783 0.75390625 0.6720351390922401 0.7578125 0.6764275256222547 0.771484375 0.6822840409956076 0.78125 0.6852122986822841 0.79296875 0.6910688140556369 0.80078125 0.7027818448023426 0.80859375 0.7101024890190337 0.82421875 0.7174231332357247 0.83203125 0.7247437774524158 0.845703125 0.7291361639824304 0.875 0.7510980966325037 0.91015625 0.7540263543191801 0.91796875 0.7554904831625183 0.935546875 0.7628111273792094 0.951171875 0.7715959004392386 0.958984375 0.7759882869692533 0.958984375 0.7789165446559297 0.96484375 0.7789165446559297 0.982421875 0.780380673499268 0.984375 0.780380673499268 0.99609375 0.7715959004392386 0.998046875 0.7642752562225475 0.984375 0.7584187408491947 0.966796875 0.7437774524158126 0.9453125 0.739385065885798 0.9296875 0.7130307467057101 0.87890625 0.705710102489019 0.857421875 0.6764275256222547 0.798828125 0.6705710102489019 0.77734375 0.6603221083455344 0.76171875 0.6530014641288433 0.740234375 0.636896046852123 0.708984375 0.6325036603221084 0.6953125 0.6222547584187409 0.6796875 0.5973645680819912 0.62109375 0.5871156661786238 0.603515625
1 0.6061493411420205 0.4375 0.6120058565153733 0.44140625 0.6266471449487555 0.44140625 0.6281112737920937 0.4453125 0.6222547584187409 0.447265625 0.5973645680819912 0.4453125 0.595900439238653 0.443359375 0.5973645680819912 0.4375 0.6046852122986823 0.4375
1 0.15666178623718888 0.875 0.15373352855051245 0.865234375 0.15373352855051245 0.85546875 0.15666178623718888 0.84765625 0.18301610541727673 0.8203125 0.191800878477306 0.818359375 0.191800878477306 0.833984375 0.1683748169838946 0.865234375 0.1581259150805271 0.873046875
1 0.7247437774524158 0.4296875 0.726207906295754 0.431640625 0.7950219619326501 0.43359375 0.7979502196193266 0.435546875 0.7994143484626647 0.4453125 0.7964860907759883 0.44921875 0.7891654465592972 0.451171875 0.787701317715959 0.44921875 0.7423133235724744 0.447265625 0.7291361639824304 0.443359375 0.7086383601756955 0.443359375 0.7027818448023426 0.4375 0.7027818448023426 0.431640625 0.705710102489019 0.427734375 0.7232796486090776 0.4296875
1 0.6251830161054173 0.47265625 0.6412884333821376 0.482421875 0.6530014641288433 0.486328125 0.6588579795021962 0.4921875 0.6705710102489019 0.498046875 0.6720351390922401 0.501953125 0.6705710102489019 0.505859375 0.6427525622254758 0.490234375 0.6251830161054173 0.484375 0.6193265007320644 0.4765625 0.623718887262079 0.47265625
1 0.5841874084919473 0.59765625 0.5885797950219619 0.599609375 0.595900439238653 0.609375 0.5988286969253295 0.619140625 0.6032210834553441 0.625 0.6032210834553441 0.630859375 0.6193265007320644 0.650390625 0.6266471449487555 0.669921875 0.6339677891654466 0.6796875 0.6456808199121523 0.705078125 0.6456808199121523 0.716796875 0.6530014641288433 0.7265625 0.6632503660322109 0.732421875 0.6588579795021962 0.736328125 0.6588579795021962 0.748046875 0.657393850658858 0.748046875 0.6500732064421669 0.734375 0.6500732064421669 0.73046875 0.6325036603221084 0.69921875 0.6325036603221084 0.6953125 0.6266471449487555 0.6875 0.6266471449487555 0.68359375 0.6120058565153733 0.658203125 0.6046852122986823 0.63671875 0.5856515373352855 0.599609375
1 0.6961932650073206 0.3515625 0.18594436310395315 0.0703125
1 0.3074670571010249 0.734375 0.3103953147877013 0.734375 0.3103953147877013 0.740234375 0.25768667642752563 0.826171875 0.2547584187408492 0.833984375 0.2518301610541728 0.833984375 0.25036603221083453 0.82421875 0.2518301610541728 0.810546875 0.2562225475841874 0.80859375 0.2752562225475842 0.783203125 0.28550512445095166 0.76171875 0.30161054172767204 0.740234375 0.3074670571010249 0.736328125
1 0.5314787701317716 0.388671875 0.5402635431918009 0.38671875 0.5622254758418741 0.38671875 0.5636896046852123 0.388671875 0.5636896046852123 0.392578125 0.5607613469985359 0.39453125 0.5490483162518301 0.39453125 0.5475841874084919 0.392578125 0.5329428989751098 0.39453125 0.5314787701317716 0.390625
1 0.9692532942898975 0.6796875 0.9765739385065886 0.6796875 0.986822840409956 0.6875 0.9985358711566618 0.689453125 0.9985358711566618 0.720703125 0.9941434846266471 0.720703125 0.9692532942898975 0.705078125 0.9677891654465594 0.697265625 0.9677891654465594 0.68359375 0.9692532942898975 0.681640625
1 0.6954612005856515 0.703125 0.7071742313323572 0.703125 0.7379209370424598 0.7421875 0.7510980966325037 0.744140625 0.7525622254758418 0.765625 0.7598828696925329 0.775390625 0.7628111273792094 0.783203125 0.7730600292825769 0.79296875 0.7715959004392386 0.798828125 0.7657393850658858 0.798828125 0.7481698389458272 0.775390625 0.7423133235724744 0.771484375 0.739385065885798 0.763671875 0.7276720351390923 0.75 0.726207906295754 0.744140625 0.7174231332357247 0.736328125 0.7115666178623719 0.72265625 0.705710102489019 0.716796875 0.7027818448023426 0.716796875 0.6954612005856515 0.705078125
1 0.3294289897510981 0.732421875 0.33382137628111275 0.736328125 0.3616398243045388 0.732421875 0.3616398243045388 0.736328125 0.31478770131771594 0.8515625 0.3089311859443631 0.859375 0.30453879941434847 0.873046875 0.2986822840409956 0.880859375 0.29282576866764276 0.89453125 0.28989751098096633 0.912109375 0.2796486090775988 0.927734375 0.27379209370424595 0.9453125 0.2591508052708638 0.97265625 0.2562225475841874 0.96875 0.2562225475841874 0.943359375 0.2547584187408492 0.94140625 0.2562225475841874 0.927734375 0.26500732064421667 0.92578125 0.2679355783308931 0.921875 0.26939970717423134 0.91796875 0.2679355783308931 0.9140625 0.27379209370424595 0.90625 0.27379209370424595 0.900390625 0.28111273792093705 0.892578125 0.28111273792093705 0.888671875 0.2884333821376281 0.876953125 0.2913616398243045 0.857421875 0.30307467057101023 0.8359375 0.30453879941434847 0.822265625 0.30307467057101023 0.818359375 0.3089311859443631 0.81640625 0.3162518301610542 0.806640625 0.31771595900439237 0.791015625 0.32210834553440704 0.79296875 0.3294289897510981 0.787109375 0.3367496339677892 0.76953125 0.33821376281112736 0.75 0.3308931185944363 0.740234375 0.3279648609077599 0.744140625 0.32210834553440704 0.73828125 0.3235724743777452 0.734375 0.3279648609077599 0.732421875
1 0.49194729136163984 0.384765625 0.493411420204978 0.38671875 0.5256222547584187 0.38671875 0.5285505124450952 0.390625 0.5256222547584187 0.39453125 0.5021961932650073 0.39453125 0.5007320644216691 0.392578125 0.4802342606149341 0.39453125 0.4787701317715959 0.392578125 0.4802342606149341 0.384765625 0.4904831625183016 0.384765625