1 0.6865234375 0.4518229166666667 0.6962890625 0.4596354166666667 0.7041015625 0.4622395833333333 0.8037109375 0.4609375 0.8154296875 0.46484375 0.908203125 0.4635416666666667 0.9111328125 0.4817708333333333 0.9072265625 0.484375 0.876953125 0.4817708333333333 0.8173828125 0.4869791666666667 0.7841796875 0.484375 0.779296875 0.48046875 0.759765625 0.48046875 0.7529296875 0.4856770833333333 0.7294921875 0.4869791666666667 0.673828125 0.484375 0.66015625 0.48046875 0.654296875 0.47265625 0.650390625 0.47265625 0.6396484375 0.4856770833333333 0.6328125 0.484375 0.62109375 0.4869791666666667 0.2646484375 0.4869791666666667 0.2626953125 0.4739583333333333 0.2646484375 0.4622395833333333 0.3564453125 0.4635416666666667 0.369140625 0.4609375 0.3955078125 0.4622395833333333 0.404296875 0.4596354166666667 0.544921875 0.4622395833333333 0.572265625 0.4609375 0.5771484375 0.4596354166666667 0.583984375 0.453125 0.5966796875 0.4518229166666667 0.685546875 0.4518229166666667
1 0.9697265625 0.2578125 0.9833984375 0.2604166666666667 0.9990234375 0.2591145833333333 0.9990234375 0.2825520833333333 0.99609375 0.2838541666666667 0.9228515625 0.2825520833333333 0.9208984375 0.26171875 0.923828125 0.2578125 0.96875 0.2578125
1 0.685546875 0.4518229166666667 0.693359375 0.4583333333333333 0.703125 0.4622395833333333 0.7607421875 0.4596354166666667 0.7998046875 0.4596354166666667 0.8193359375 0.46484375 0.8330078125 0.4622395833333333 0.8505859375 0.46484375 0.98828125 0.4622395833333333 0.9990234375 0.4635416666666667 0.9990234375 0.4830729166666667 0.9873046875 0.484375 0.9345703125 0.4817708333333333 0.9296875 0.484375 0.869140625 0.4830729166666667 0.8056640625 0.4869791666666667 0.7890625 0.4856770833333333 0.7763671875 0.48046875 0.76171875 0.48046875 0.751953125 0.4856770833333333 0.7177734375 0.4869791666666667 0.673828125 0.484375 0.6591796875 0.48046875 0.650390625 0.4752604166666667 0.6396484375 0.4856770833333333 0.6337890625 0.484375 0.626953125 0.4869791666666667 0.2587890625 0.4869791666666667 0.2548828125 0.4895833333333333 0 0.48828125 0 0.4622395833333333 0.044921875 0.46484375 0.0927734375 0.46484375 0.107421875 0.4622395833333333 0.24609375 0.46484375 0.2626953125 0.4609375 0.35546875 0.4635416666666667 0.369140625 0.4609375 0.3974609375 0.4622395833333333 0.404296875 0.4596354166666667 0.443359375 0.4596354166666667 0.4580078125 0.4622395833333333 0.4814453125 0.4596354166666667 0.4951171875 0.4635416666666667 0.513671875 0.4609375 0.572265625 0.4609375 0.578125 0.4596354166666667 0.5859375 0.453125 0.5986328125 0.4518229166666667 0.6845703125 0.4518229166666667
1 0.9404296875 0.6171875 0.9990234375 0.6197916666666666 0.9990234375 0.6380208333333334 0.966796875 0.6419270833333334 0.90234375 0.640625 0.8994140625 0.62890625 0.900390625 0.6171875 0.939453125 0.6171875
1 0.2998046875 0.5794270833333334 0.3056640625 0.5885416666666666 0.3330078125 0.5885416666666666 0.3349609375 0.5950520833333334 0.3349609375 0.6145833333333334 0.3388671875 0.6184895833333334 0.3515625 0.6197916666666666 0.3662109375 0.6171875 0.3916015625 0.6184895833333334 0.3994140625 0.6158854166666666 0.462890625 0.6158854166666666 0.4736328125 0.6184895833333334 0.482421875 0.6158854166666666 0.509765625 0.6171875 0.5439453125 0.61328125 0.572265625 0.61328125 0.615234375 0.6184895833333334 0.65625 0.61328125 0.69140625 0.6145833333333334 0.7021484375 0.6080729166666666 0.708984375 0.6171875 0.7158203125 0.6171875 0.716796875 0.6145833333333334 0.71484375 0.609375 0.720703125 0.6028645833333334 0.7275390625 0.6015625 0.73046875 0.60546875 0.734375 0.5989583333333334 0.73828125 0.6067708333333334 0.744140625 0.60546875 0.748046875 0.6145833333333334 0.7607421875 0.6197916666666666 0.8056640625 0.6197916666666666 0.8134765625 0.6158854166666666 0.97265625 0.6184895833333334 0.9931640625 0.6223958333333334 0.9990234375 0.62109375 0.9990234375 0.6380208333333334 0.9736328125 0.6393229166666666 0.9658203125 0.6419270833333334 0.919921875 0.6419270833333334 0.900390625 0.6393229166666666 0.8662109375 0.640625 0.8544921875 0.63671875 0.837890625 0.6380208333333334 0.833984375 0.640625 0.7509765625 0.640625 0.744140625 0.63671875 0.734375 0.63671875 0.7216796875 0.640625 0.6259765625 0.6419270833333334 0.6171875 0.63671875 0.6064453125 0.6354166666666666 0.5947265625 0.640625 0.427734375 0.640625 0.40625 0.6432291666666666 0.287109375 0.6419270833333334 0.2626953125 0.6458333333333334 0.16796875 0.64453125 0.1474609375 0.6471354166666666 0.0732421875 0.6458333333333334 0 0.6484375 0 0.6236979166666666 0.0078125 0.6197916666666666 0.0673828125 0.6223958333333334 0.080078125 0.6197916666666666 0.1298828125 0.6184895833333334 0.138671875 0.62109375 0.1640625 0.6197916666666666 0.1708984375 0.6223958333333334 0.2548828125 0.6223958333333334 0.265625 0.61328125 0.2685546875 0.61328125 0.2783203125 0.6015625 0.2841796875 0.6002604166666666 0.29296875 0.5846354166666666 0.298828125 0.5807291666666666
1 0.056640625 0.25 0.0732421875 0.2526041666666667 0.1337890625 0.25 0.15625 0.25390625 0.19921875 0.2526041666666667 0.2265625 0.2565104166666667 0.2490234375 0.25390625 0.25390625 0.26171875 0.2529296875 0.28125 0.24609375 0.28515625 0.1669921875 0.28125 0.12109375 0.28125 0.109375 0.28515625 0.09765625 0.28515625 0.087890625 0.28125 0.0693359375 0.2799479166666667 0.0439453125 0.2799479166666667 0.0322265625 0.2825520833333333 0.015625 0.27734375 0 0.2786458333333333 0 0.2552083333333333 0.0556640625 0.2513020833333333
1 0.927734375 0.890625 0.9462890625 0.8932291666666666 0.9892578125 0.8919270833333334 0.9990234375 0.89453125 0.9990234375 0.9166666666666666 0.9794921875 0.9166666666666666 0.9716796875 0.91015625 0.96484375 0.91796875 0.7158203125 0.91796875 0.6220703125 0.921875 0.5185546875 0.921875 0.515625 0.91796875 0.51171875 0.91796875 0.5087890625 0.921875 0.501953125 0.9231770833333334 0.3994140625 0.9231770833333334 0.392578125 0.91796875 0.392578125 0.9075520833333334 0.3896484375 0.9036458333333334 0.4169921875 0.90625 0.443359375 0.9036458333333334 0.521484375 0.90625 0.53125 0.9036458333333334 0.5361328125 0.8984375 0.5498046875 0.8997395833333334 0.6005859375 0.8958333333333334 0.6396484375 0.8997395833333334 0.642578125 0.8971354166666666 0.654296875 0.8958333333333334 0.6796875 0.8984375 0.712890625 0.8958333333333334 0.7919921875 0.8971354166666666 0.802734375 0.89453125 0.880859375 0.8958333333333334 0.9267578125 0.8919270833333334
1 0.9345703125 0.8919270833333334 0.9970703125 0.89453125 0.9990234375 0.8958333333333334 0.9990234375 0.9153645833333334 0.9970703125 0.9166666666666666 0.9775390625 0.9153645833333334 0.9716796875 0.91015625 0.9619140625 0.91796875 0.908203125 0.9192708333333334 0.8935546875 0.9192708333333334 0.8798828125 0.9153645833333334 0.876953125 0.91796875 0.8623046875 0.9192708333333334 0.71484375 0.91796875 0.6875 0.9205729166666666 0.6513671875 0.9192708333333334 0.6220703125 0.921875 0.509765625 0.921875 0.4736328125 0.9244791666666666 0.2099609375 0.9244791666666666 0.18359375 0.9283854166666666 0.0400390625 0.9322916666666666 0 0.9322916666666666 0 0.9114583333333334 0.005859375 0.91015625 0.0673828125 0.91015625 0.1240234375 0.90625 0.1533203125 0.9075520833333334 0.2314453125 0.9010416666666666 0.265625 0.9010416666666666 0.2744140625 0.9036458333333334 0.4013671875 0.90234375 0.4091796875 0.9049479166666666 0.4697265625 0.9036458333333334 0.48046875 0.90625 0.5146484375 0.90625 0.529296875 0.9036458333333334 0.53515625 0.8997395833333334 0.5888671875 0.8958333333333334 0.619140625 0.8958333333333334 0.6259765625 0.8984375 0.6962890625 0.8984375 0.7119140625 0.8958333333333334 0.8818359375 0.8958333333333334 0.93359375 0.8919270833333334
1 0.1650390625 0.6197916666666666 0.171875 0.6223958333333334 0.2265625 0.62109375 0.2333984375 0.6236979166666666 0.24609375 0.6236979166666666 0.2646484375 0.6184895833333334 0.2666015625 0.6223958333333334 0.2666015625 0.6432291666666666 0.26171875 0.6458333333333334 0.205078125 0.64453125 0.0986328125 0.6484375 0 0.6484375 0 0.625 0.0078125 0.6197916666666666 0.029296875 0.6223958333333334 0.06640625 0.6223958333333334 0.1142578125 0.6184895833333334 0.1640625 0.6197916666666666
1 0.91796875 0.890625 0.947265625 0.8932291666666666 0.98828125 0.8919270833333334 0.9990234375 0.89453125 0.9990234375 0.91796875 0.9833984375 0.91796875 0.9755859375 0.9166666666666666 0.9736328125 0.9140625 0.9677734375 0.91796875 0.958984375 0.9192708333333334 0.884765625 0.91796875 0.8818359375 0.9140625 0.8828125 0.89453125 0.91015625 0.89453125 0.9169921875 0.8919270833333334
1 0.3935546875 0.24609375 0.3994140625 0.24739583333333334 0.4072265625 0.2552083333333333 0.4248046875 0.2604166666666667 0.4521484375 0.2552083333333333 0.4560546875 0.2513020833333333 0.4658203125 0.2513020833333333 0.47265625 0.2578125 0.4794921875 0.2591145833333333 0.5009765625 0.2591145833333333 0.5126953125 0.2565104166666667 0.5205078125 0.25 0.52734375 0.25 0.552734375 0.26171875 0.5625 0.26171875 0.5869140625 0.25390625 0.595703125 0.25390625 0.6015625 0.2578125 0.6123046875 0.2578125 0.62109375 0.26171875 0.6552734375 0.2552083333333333 0.67578125 0.2578125 0.69140625 0.2630208333333333 0.6962890625 0.2630208333333333 0.7119140625 0.25390625 0.7236328125 0.25390625 0.7373046875 0.2591145833333333 0.7578125 0.2591145833333333 0.7705078125 0.25390625 0.7841796875 0.25390625 0.7998046875 0.2578125 0.85546875 0.2552083333333333 0.8759765625 0.2578125 0.9150390625 0.2565104166666667 0.94921875 0.2604166666666667 0.9990234375 0.2591145833333333 0.9990234375 0.2825520833333333 0.98828125 0.28515625 0.91796875 0.2825520833333333 0.8916015625 0.2864583333333333 0.8828125 0.2838541666666667 0.8291015625 0.2838541666666667 0.8203125 0.2864583333333333 0.81640625 0.28515625 0.814453125 0.2877604166666667 0.78515625 0.2838541666666667 0.76171875 0.2864583333333333 0.7353515625 0.2838541666666667 0.7109375 0.2864583333333333 0.703125 0.2838541666666667 0.6748046875 0.2864583333333333 0.658203125 0.2838541666666667 0.6201171875 0.2864583333333333 0.5791015625 0.28515625 0.568359375 0.2877604166666667 0.5654296875 0.28515625 0.4072265625 0.2864583333333333 0.3740234375 0.2838541666666667 0.3447265625 0.2864583333333333 0.3388671875 0.2838541666666667 0.294921875 0.28515625 0.2587890625 0.2825520833333333 0.2177734375 0.28515625 0.20703125 0.2825520833333333 0.1552734375 0.2825520833333333 0.150390625 0.2799479166666667 0.1162109375 0.28125 0.11328125 0.2838541666666667 0.09765625 0.2838541666666667 0.0791015625 0.2799479166666667 0.03125 0.28125 0.02734375 0.2786458333333333 0 0.2786458333333333 0 0.25390625 0.00390625 0.2513020833333333 0.044921875 0.2526041666666667 0.060546875 0.24869791666666666 0.0712890625 0.2513020833333333 0.12109375 0.2513020833333333 0.1337890625 0.24869791666666666 0.146484375 0.2526041666666667 0.1865234375 0.25390625 0.2001953125 0.2513020833333333 0.2119140625 0.2552083333333333 0.2646484375 0.2526041666666667 0.2802734375 0.2565104166666667 0.3076171875 0.2565104166666667 0.3310546875 0.2513020833333333 0.3359375 0.2552083333333333 0.3515625 0.2591145833333333 0.3701171875 0.2578125 0.373046875 0.2604166666666667 0.3798828125 0.2578125 0.3896484375 0.24739583333333334 0.392578125 0.24739583333333334
1 0.01171875 0.4622395833333333 0.0400390625 0.4622395833333333 0.046875 0.46484375 0.1025390625 0.4622395833333333 0.24609375 0.46484375 0.259765625 0.4622395833333333 0.26171875 0.4791666666666667 0.259765625 0.4869791666666667 0.255859375 0.4895833333333333 0 0.48828125 0 0.4635416666666667 0.0107421875 0.4622395833333333
1 0.3017578125 0.5755208333333334 0.3095703125 0.5872395833333334 0.333984375 0.5885416666666666 0.3359375 0.5950520833333334 0.3359375 0.6106770833333334 0.3408203125 0.6184895833333334 0.4580078125 0.6145833333333334 0.474609375 0.6171875 0.5380859375 0.61328125 0.5771484375 0.61328125 0.61328125 0.6171875 0.626953125 0.6171875 0.6376953125 0.61328125 0.6884765625 0.6145833333333334 0.6953125 0.609375 0.69921875 0.59375 0.7041015625 0.59375 0.7138671875 0.5885416666666666 0.7216796875 0.5885416666666666 0.724609375 0.5924479166666666 0.740234375 0.5989583333333334 0.7509765625 0.61328125 0.7607421875 0.6197916666666666 0.7841796875 0.6171875 0.8056640625 0.6197916666666666 0.8125 0.6158854166666666 0.837890625 0.6145833333333334 0.857421875 0.6171875 0.89453125 0.6158854166666666 0.8984375 0.6354166666666666 0.890625 0.6393229166666666 0.8408203125 0.63671875 0.8349609375 0.6393229166666666 0.78125 0.640625 0.751953125 0.6393229166666666 0.7490234375 0.63671875 0.7373046875 0.6354166666666666 0.7265625 0.63671875 0.7197265625 0.640625 0.6259765625 0.640625 0.6171875 0.6354166666666666 0.61328125 0.62890625 0.607421875 0.6276041666666666 0.6025390625 0.6302083333333334 0.6005859375 0.6354166666666666 0.5947265625 0.640625 0.5849609375 0.6380208333333334 0.529296875 0.6419270833333334 0.4287109375 0.640625 0.40625 0.6432291666666666 0.3173828125 0.6432291666666666 0.30859375 0.640625 0.2890625 0.640625 0.2763671875 0.64453125 0.267578125 0.640625 0.267578125 0.6236979166666666 0.2763671875 0.60546875 0.30078125 0.5755208333333334
1 0.9365234375 0.8958333333333334 0.9912109375 0.89453125 0.9990234375 0.8971354166666666 0.9990234375 0.9114583333333334 0.986328125 0.9140625 0.9814453125 0.91015625 0.9765625 0.9114583333333334 0.9736328125 0.9049479166666666 0.9697265625 0.9049479166666666 0.96484375 0.9140625 0.91796875 0.9153645833333334 0.908203125 0.91796875 0.8896484375 0.9166666666666666 0.880859375 0.9114583333333334 0.873046875 0.9166666666666666 0.845703125 0.9153645833333334 0.8369140625 0.91796875 0.8173828125 0.9153645833333334 0.7998046875 0.91796875 0.787109375 0.9153645833333334 0.751953125 0.9153645833333334 0.736328125 0.91796875 0.623046875 0.91796875 0.615234375 0.9205729166666666 0.5439453125 0.9205729166666666 0.5361328125 0.91796875 0.5322265625 0.9205729166666666 0.517578125 0.9205729166666666 0.513671875 0.91796875 0.5048828125 0.921875 0.44921875 0.9205729166666666 0.431640625 0.9231770833333334 0.3896484375 0.9192708333333334 0.376953125 0.9205729166666666 0.3740234375 0.91796875 0.36328125 0.9166666666666666 0.3583984375 0.91796875 0.35546875 0.921875 0.345703125 0.921875 0.3427734375 0.9244791666666666 0.330078125 0.921875 0.2861328125 0.9244791666666666 0.2744140625 0.921875 0.1923828125 0.92578125 0.1611328125 0.9244791666666666 0.1484375 0.9270833333333334 0.142578125 0.9270833333333334 0.1396484375 0.9244791666666666 0.1376953125 0.9270833333333334 0.1279296875 0.92578125 0.12109375 0.9283854166666666 0.0751953125 0.9270833333333334 0.064453125 0.9296875 0.0361328125 0.9270833333333334 0.015625 0.9283854166666666 0.0166015625 0.921875 0.01171875 0.9153645833333334 0.005859375 0.9153645833333334 0.0029296875 0.91796875 0.001953125 0.9270833333333334 0 0.9283854166666666 0 0.91796875 0.0048828125 0.9140625 0.0146484375 0.9140625 0.017578125 0.9114583333333334 0.0966796875 0.9114583333333334 0.1259765625 0.9075520833333334 0.189453125 0.9075520833333334 0.1982421875 0.9036458333333334 0.212890625 0.9036458333333334 0.2197265625 0.90625 0.2236328125 0.9036458333333334 0.26171875 0.90234375 0.2734375 0.9036458333333334 0.275390625 0.90625 0.296875 0.9075520833333334 0.3173828125 0.9049479166666666 0.3505859375 0.9049479166666666 0.357421875 0.9075520833333334 0.3623046875 0.9049479166666666 0.3720703125 0.90625 0.3818359375 0.9036458333333334 0.4013671875 0.9036458333333334 0.4091796875 0.9075520833333334 0.4521484375 0.9075520833333334 0.4560546875 0.9049479166666666 0.47265625 0.9075520833333334 0.525390625 0.9075520833333334 0.5341796875 0.90234375 0.5986328125 0.8997395833333334 0.603515625 0.8971354166666666 0.6123046875 0.8971354166666666 0.6220703125 0.90234375 0.6474609375 0.90234375 0.650390625 0.8997395833333334 0.703125 0.8997395833333334 0.712890625 0.8971354166666666 0.7822265625 0.8997395833333334 0.794921875 0.8971354166666666 0.826171875 0.8984375 0.8642578125 0.8958333333333334 0.8837890625 0.8971354166666666 0.88671875 0.8997395833333334 0.8974609375 0.8997395833333334 0.900390625 0.8971354166666666 0.9130859375 0.8997395833333334 0.923828125 0.89453125 0.935546875 0.8958333333333334
1 0.39453125 0.24739583333333334 0.4052734375 0.2552083333333333 0.4208984375 0.2604166666666667 0.4326171875 0.2604166666666667 0.4560546875 0.2526041666666667 0.466796875 0.2526041666666667 0.4736328125 0.2578125 0.4970703125 0.2604166666666667 0.51171875 0.2565104166666667 0.5224609375 0.25 0.5537109375 0.26171875 0.576171875 0.2578125 0.5888671875 0.2526041666666667 0.62109375 0.26171875 0.6533203125 0.2552083333333333 0.67578125 0.2578125 0.6904296875 0.2630208333333333 0.6962890625 0.2630208333333333 0.7041015625 0.2578125 0.71875 0.25390625 0.734375 0.2591145833333333 0.7587890625 0.2591145833333333 0.7685546875 0.2552083333333333 0.787109375 0.2552083333333333 0.810546875 0.2591145833333333 0.8408203125 0.2565104166666667 0.8779296875 0.2591145833333333 0.916015625 0.2578125 0.9208984375 0.26171875 0.9228515625 0.2786458333333333 0.919921875 0.2825520833333333 0.9130859375 0.2838541666666667 0.861328125 0.2838541666666667 0.84375 0.28125 0.8232421875 0.2825520833333333 0.810546875 0.2864583333333333 0.7822265625 0.2825520833333333 0.76171875 0.2864583333333333 0.720703125 0.2838541666666667 0.708984375 0.2877604166666667 0.7041015625 0.2838541666666667 0.6748046875 0.2864583333333333 0.580078125 0.28515625 0.5771484375 0.2877604166666667 0.5224609375 0.28515625 0.5048828125 0.28515625 0.498046875 0.2877604166666667 0.4736328125 0.28515625 0.345703125 0.28515625 0.341796875 0.2825520833333333 0.26171875 0.2838541666666667 0.2578125 0.2825520833333333 0.255859375 0.2786458333333333 0.255859375 0.2604166666666667 0.26171875 0.25390625 0.283203125 0.2578125 0.306640625 0.2578125 0.3173828125 0.25390625 0.326171875 0.25390625 0.337890625 0.2578125 0.341796875 0.2565104166666667 0.3447265625 0.2591145833333333 0.3662109375 0.2591145833333333 0.3740234375 0.2630208333333333 0.3935546875 0.24739583333333334
1 0.6201171875 0.8958333333333334 0.6279296875 0.8984375 0.640625 0.8984375 0.6435546875 0.8958333333333334 0.697265625 0.8984375 0.7119140625 0.8958333333333334 0.8310546875 0.8971354166666666 0.8623046875 0.89453125 0.876953125 0.8958333333333334 0.8798828125 0.8984375 0.8818359375 0.91015625 0.8798828125 0.9153645833333334 0.875 0.91796875 0.763671875 0.9166666666666666 0.62890625 0.921875 0.3974609375 0.9244791666666666 0.3916015625 0.9205729166666666 0.390625 0.9114583333333334 0.38671875 0.9088541666666666 0.38671875 0.9140625 0.3837890625 0.9192708333333334 0.349609375 0.92578125 0.2841796875 0.92578125 0.2802734375 0.9244791666666666 0.2783203125 0.9192708333333334 0.279296875 0.90625 0.2822265625 0.9036458333333334 0.3154296875 0.9049479166666666 0.3505859375 0.90234375 0.4091796875 0.9049479166666666 0.517578125 0.9049479166666666 0.5322265625 0.90234375 0.5361328125 0.8971354166666666 0.5439453125 0.8997395833333334 0.5498046875 0.8971354166666666 0.619140625 0.8958333333333334
1 0.328125 0.5885416666666666 0.333984375 0.5924479166666666 0.3359375 0.6145833333333334 0.341796875 0.6197916666666666 0.4599609375 0.6171875 0.474609375 0.62109375 0.4814453125 0.6171875 0.521484375 0.6171875 0.537109375 0.6145833333333334 0.603515625 0.6158854166666666 0.6123046875 0.6184895833333334 0.6142578125 0.6223958333333334 0.6015625 0.6276041666666666 0.59765625 0.63671875 0.587890625 0.63671875 0.5869140625 0.6302083333333334 0.5810546875 0.6276041666666666 0.578125 0.63671875 0.568359375 0.63671875 0.564453125 0.6393229166666666 0.5234375 0.640625 0.51171875 0.6341145833333334 0.5078125 0.6393229166666666 0.4912109375 0.640625 0.4716796875 0.6393229166666666 0.4697265625 0.63671875 0.4638671875 0.640625 0.42578125 0.6393229166666666 0.400390625 0.6419270833333334 0.3916015625 0.6393229166666666 0.38671875 0.62890625 0.3857421875 0.6341145833333334 0.380859375 0.6393229166666666 0.373046875 0.6419270833333334 0.2890625 0.6393229166666666 0.2802734375 0.6432291666666666 0.23046875 0.640625 0.2236328125 0.64453125 0.1552734375 0.6432291666666666 0.1162109375 0.6458333333333334 0.1083984375 0.6432291666666666 0.0986328125 0.6458333333333334 0.0810546875 0.6458333333333334 0.0771484375 0.6432291666666666 0.0673828125 0.6432291666666666 0.0615234375 0.6458333333333334 0.02734375 0.64453125 0.001953125 0.6471354166666666 0 0.6471354166666666 0 0.62890625 0.0078125 0.6223958333333334 0.060546875 0.6236979166666666 0.1279296875 0.6197916666666666 0.1396484375 0.6236979166666666 0.2255859375 0.6223958333333334 0.2294921875 0.625 0.2509765625 0.625 0.263671875 0.6197916666666666 0.279296875 0.6015625 0.2841796875 0.5989583333333334 0.2900390625 0.5911458333333334 0.2900390625 0.5846354166666666 0.2919921875 0.58203125 0.30078125 0.5807291666666666 0.3046875 0.5872395833333334 0.3095703125 0.5885416666666666 0.310546875 0.5911458333333334 0.31640625 0.5885416666666666 0.3271484375 0.5885416666666666
1 0.939453125 0.4622395833333333 0.9990234375 0.4635416666666667 0.9990234375 0.4830729166666667 0.9697265625 0.4856770833333333 0.9560546875 0.484375 0.953125 0.4817708333333333 0.9140625 0.484375 0.91015625 0.4713541666666667 0.9111328125 0.4622395833333333 0.9384765625 0.4622395833333333
1 0.2744140625 0.90234375 0.2783203125 0.90625 0.279296875 0.91796875 0.2783203125 0.9244791666666666 0.2734375 0.92578125 0.2099609375 0.92578125 0.19921875 0.9283854166666666 0.15625 0.9283854166666666 0.13671875 0.9309895833333334 0.1005859375 0.9296875 0.083984375 0.9322916666666666 0 0.9322916666666666 0 0.9088541666666666 0.1708984375 0.90625 0.1962890625 0.90234375 0.2607421875 0.8997395833333334 0.2734375 0.90234375