1 0.2099609375 0.8984168865435356 0.2109375 0.9063324538258575 0.208984375 0.9142480211081794 0.1904296875 0.941952506596306 0.1826171875 0.9525065963060686 0.1767578125 0.9564643799472295 0.171875 0.9656992084432717 0.1484375 0.9947229551451188 0.1396484375 0.996042216358839 0.1376953125 0.9986807387862797 0.1171875 0.9986807387862797 0.1171875 0.9947229551451188 0.1279296875 0.9881266490765171 0.13671875 0.974934036939314 0.1416015625 0.9722955145118733 0.150390625 0.9617414248021108 0.1572265625 0.9591029023746702 0.166015625 0.945910290237467 0.1708984375 0.9432717678100264 0.1796875 0.9300791556728232 0.1845703125 0.9274406332453826 0.203125 0.9010554089709762 0.208984375 0.8984168865435356
1 0.4912109375 0.45382585751978893 0.4873046875 0.45118733509234826 0.4833984375 0.45646437994722955 0.4873046875 0.46174142480211083 0.4912109375 0.46174142480211083 0.4931640625 0.4656992084432718 0.494140625 0.5145118733509235 0.4921875 0.525065963060686 0.4921875 0.5765171503957783 0.490234375 0.5923482849604221 0.484375 0.600263852242744 0.4814453125 0.6121372031662269 0.4775390625 0.6147757255936676 0.47265625 0.6081794195250659 0.4599609375 0.6068601583113457 0.458984375 0.5897097625329816 0.4619140625 0.5817941952506597 0.4619140625 0.5712401055408971 0.4599609375 0.5659630606860159 0.4619140625 0.5224274406332454 0.4599609375 0.5026385224274407 0.462890625 0.4947229551451187 0.4619140625 0.48284960422163586 0.4638671875 0.45382585751978893 0.4619140625 0.44591029023746703 0.4619140625 0.43007915567282323 0.4638671875 0.42480211081794195 0.4794921875 0.41424802110817943 0.4912109375 0.41424802110817943 0.494140625 0.43007915567282323 0.4921875 0.4525065963060686
1 0.2236328125 0.6015831134564644 0.240234375 0.6015831134564644 0.2578125 0.604221635883905 0.2607421875 0.6068601583113457 0.271484375 0.6068601583113457 0.2705078125 0.6121372031662269 0.2392578125 0.6108179419525066 0.2236328125 0.6081794195250659 0.2236328125 0.6029023746701847
1 0.22265625 0.4868073878627968 0.2216796875 0.48284960422163586 0.2236328125 0.48021108179419525 0.23046875 0.4788918205804749 0.2548828125 0.4788918205804749 0.2568359375 0.48284960422163586 0.255859375 0.48812664907651715 0.2236328125 0.4868073878627968
1 0.126953125 0.503957783641161 0.1298828125 0.5065963060686016 0.171875 0.49868073878627966 0.2119140625 0.49604221635883905 0.2138671875 0.49868073878627966 0.2119140625 0.5145118733509235 0.216796875 0.5224274406332454 0.2177734375 0.5316622691292876 0.216796875 0.5474934036939314 0.21875 0.5554089709762533 0.21875 0.5844327176781002 0.216796875 0.5910290237467019 0.212890625 0.5778364116094987 0.212890625 0.5646437994722955 0.2158203125 0.5567282321899736 0.2158203125 0.5395778364116095 0.2060546875 0.5171503957783641 0.1982421875 0.5131926121372031 0.19140625 0.5131926121372031 0.17578125 0.5171503957783641 0.142578125 0.5184696569920845 0.13671875 0.5145118733509235 0.134765625 0.5184696569920845 0.126953125 0.5224274406332454 0.087890625 0.5263852242744064 0.0859375 0.5197889182058048 0.0869140625 0.5105540897097626 0.1064453125 0.5092348284960422 0.1259765625 0.503957783641161
1 0.0771484375 0.27308707124010556 0.08203125 0.2783641160949868 0.0810546875 0.3153034300791557 0.0771484375 0.32058047493403696 0.08203125 0.3245382585751979 0.08203125 0.32849604221635886 0.0771484375 0.3311345646437995 0.08203125 0.33641160949868076 0.083984375 0.35092348284960423 0.08203125 0.36147757255936674 0.08203125 0.40105540897097625 0.083984375 0.41688654353562005 0.0810546875 0.44591029023746703 0.0830078125 0.44854881266490765 0.0830078125 0.5184696569920845 0.0849609375 0.5329815303430079 0.0810546875 0.5976253298153035 0.076171875 0.600263852242744 0.0634765625 0.5989445910290238 0.0537109375 0.6029023746701847 0.0361328125 0.6029023746701847 0.0322265625 0.5976253298153035 0.01171875 0.5949868073878628 0.0029296875 0.5897097625329816 0.001953125 0.5870712401055409 0.0068359375 0.5817941952506597 0.0078125 0.5738786279683378 0.01171875 0.5686015831134564 0.0087890625 0.5633245382585752 0.01171875 0.5567282321899736 0.009765625 0.5501319261213721 0.0107421875 0.5435356200527705 0.01171875 0.5422163588390502 0.015625 0.5461741424802111 0.0185546875 0.5422163588390502 0.0234375 0.5408970976253298 0.0234375 0.554089709762533 0.021484375 0.5567282321899736 0.025390625 0.5646437994722955 0.0283203125 0.558047493403694 0.0283203125 0.5501319261213721 0.0263671875 0.5356200527704486 0.025390625 0.5343007915567283 0.0224609375 0.5382585751978892 0.0166015625 0.525065963060686 0.0087890625 0.5263852242744064 0.0048828125 0.5395778364116095 0.0029296875 0.525065963060686 0 0.521108179419525 0 0.4973614775725594 0.00390625 0.4947229551451187 0.0048828125 0.4736147757255937 0.0078125 0.4630606860158311 0.0048828125 0.4551451187335092 0.0048828125 0.449868073878628 0.0078125 0.44591029023746703 0.0048828125 0.44327176781002636 0.0048828125 0.43799472295514513 0.0078125 0.4393139841688654 0.013671875 0.43271767810026385 0 0.41952506596306066 0 0.4102902374670185 0.00390625 0.40369393139841686 0.0029296875 0.3891820580474934 0.0068359375 0.37994722955145116 0.005859375 0.3759894459102902 0.0078125 0.36675461741424803 0.01171875 0.3641160949868074 0.0166015625 0.3654353562005277 0.0166015625 0.3733509234828496 0.0185546875 0.3759894459102902 0.0224609375 0.36015831134564646 0.0224609375 0.35092348284960423 0.0205078125 0.3482849604221636 0.015625 0.3482849604221636 0.01171875 0.36015831134564646 0.0078125 0.35883905013192613 0.0029296875 0.35224274406332456 0 0.35224274406332456 0 0.32058047493403696 0.00390625 0.3179419525065963 0.0048828125 0.30606860158311344 0.00390625 0.2955145118733509 0 0.2928759894459103 0 0.28100263852242746 0.0048828125 0.2717678100263852 0.009765625 0.2704485488126649 0.0146484375 0.26517150395778366 0.0439453125 0.2638522427440633 0.046875 0.2783641160949868 0.0458984375 0.31266490765171506 0.0498046875 0.3179419525065963 0.0576171875 0.31926121372031663 0.064453125 0.3179419525065963 0.0673828125 0.31398416886543534 0.0712890625 0.3153034300791557 0.07421875 0.3113456464379947 0.076171875 0.3153034300791557 0.0791015625 0.31398416886543534 0.0791015625 0.3034300791556728 0.0771484375 0.3007915567282322 0.0703125 0.3034300791556728 0.0693359375 0.2994722955145119 0.0712890625 0.29155672823219 0.0771484375 0.2941952506596306 0.078125 0.29155672823219 0.07421875 0.287598944591029 0.0673828125 0.28891820580474936 0.0673828125 0.2783641160949868 0.0703125 0.28100263852242746 0.0771484375 0.27440633245382584
1 0.0771484375 0.4920844327176781 0.0810546875 0.49868073878627966 0.0654296875 0.503957783641161 0.0576171875 0.5158311345646438 0.0048828125 0.5158311345646438 0 0.5131926121372031 0 0.49868073878627966 0.005859375 0.49604221635883905 0.0546875 0.4973614775725594 0.0625 0.49340369393139843 0.076171875 0.4920844327176781
1 0.2373046875 0.4155672823218997 0.275390625 0.4155672823218997 0.27734375 0.420844327176781 0.275390625 0.42744063324538256 0.263671875 0.42744063324538256 0.2578125 0.42480211081794195 0.2509765625 0.4287598944591029 0.232421875 0.42744063324538256 0.228515625 0.42480211081794195 0.2255859375 0.41952506596306066 0.2265625 0.41688654353562005 0.236328125 0.4155672823218997
1 0.7919921875 0.37994722955145116 0.794921875 0.3839050131926121 0.79296875 0.40105540897097625 0.7978515625 0.41424802110817943 0.796875 0.4313984168865435 0.79296875 0.44327176781002636 0.79296875 0.45910290237467016 0.7978515625 0.4736147757255937 0.7958984375 0.4762532981530343 0.796875 0.4841688654353562 0.794921875 0.49340369393139843 0.791015625 0.4973614775725594 0.791015625 0.5013192612137203 0.7919921875 0.5092348284960422 0.7978515625 0.5131926121372031 0.7978515625 0.5356200527704486 0.796875 0.5461741424802111 0.791015625 0.5606860158311345 0.791015625 0.5989445910290238 0.796875 0.6121372031662269 0.794921875 0.6200527704485488 0.796875 0.633245382585752 0.79296875 0.6477572559366754 0.7919921875 0.6649076517150396 0.7900390625 0.6675461741424802 0.7705078125 0.6675461741424802 0.7607421875 0.6649076517150396 0.75390625 0.658311345646438 0.7412109375 0.6345646437994723 0.73828125 0.6187335092348285 0.740234375 0.5738786279683378 0.7421875 0.5725593667546174 0.744140625 0.5765171503957783 0.75 0.5738786279683378 0.74609375 0.5672823218997362 0.748046875 0.5606860158311345 0.744140625 0.5567282321899736 0.7412109375 0.5606860158311345 0.7412109375 0.5686015831134564 0.7412109375 0.5606860158311345 0.7392578125 0.5567282321899736 0.7431640625 0.5501319261213721 0.740234375 0.5474934036939314 0.7392578125 0.5356200527704486 0.7412109375 0.5303430079155673 0.7470703125 0.5277044854881267 0.748046875 0.5171503957783641 0.7412109375 0.5092348284960422 0.7412109375 0.5 0.744140625 0.4973614775725594 0.7373046875 0.4894459102902375 0.73828125 0.46965699208443273 0.736328125 0.46701846965699206 0.736328125 0.4604221635883905 0.7392578125 0.44591029023746703 0.7373046875 0.4366754617414248 0.7392578125 0.42216358839050133 0.7373046875 0.40369393139841686 0.740234375 0.39050131926121373 0.7470703125 0.3865435356200528 0.7529296875 0.3865435356200528 0.765625 0.3786279683377309 0.791015625 0.37994722955145116
1 0.84375 0.7189973614775725 0.8486328125 0.7282321899736148 0.8662109375 0.7335092348284961 0.87109375 0.737467018469657 0.8974609375 0.737467018469657 0.904296875 0.7401055408970977 0.90625 0.7453825857519789 0.94921875 0.7532981530343008 0.9599609375 0.758575197889182 0.96484375 0.7651715039577837 0.9619140625 0.7744063324538258 0.951171875 0.7757255936675461 0.9208984375 0.762532981530343 0.912109375 0.762532981530343 0.89453125 0.7559366754617414 0.88671875 0.7559366754617414 0.853515625 0.7453825857519789 0.8466796875 0.7453825857519789 0.84375 0.7493403693931399 0.845703125 0.7796833773087071 0.8447265625 0.7994722955145118 0.8466796875 0.8073878627968337 0.85546875 0.8126649076517151 0.8603515625 0.8218997361477572 0.8876953125 0.8324538258575198 0.9033203125 0.8311345646437994 0.91015625 0.837730870712401 0.91796875 0.8390501319261213 0.9296875 0.8456464379947229 0.9599609375 0.8482849604221636 0.970703125 0.8575197889182058 0.9990234375 0.866754617414248 0.9990234375 0.8773087071240105 0.9970703125 0.8773087071240105 0.9931640625 0.8839050131926122 0.9873046875 0.8839050131926122 0.984375 0.8773087071240105 0.9697265625 0.8773087071240105 0.966796875 0.8825857519788918 0.962890625 0.8773087071240105 0.9453125 0.8680738786279684 0.9423828125 0.8707124010554089 0.939453125 0.8641160949868074 0.921875 0.8562005277044855 0.904296875 0.8548812664907651 0.888671875 0.8456464379947229 0.8466796875 0.8364116094986808 0.8447265625 0.8390501319261213 0.8466796875 0.8984168865435356 0.859375 0.9195250659630607 0.873046875 0.9274406332453826 0.8974609375 0.9327176781002638 0.9052734375 0.9406332453825857 0.919921875 0.9485488126649076 0.9384765625 0.9525065963060686 0.94921875 0.9498680738786279 0.9609375 0.9604221635883905 0.9697265625 0.9630606860158312 0.9833984375 0.9617414248021108 0.99609375 0.9696569920844327 0.9990234375 0.974934036939314 0.9990234375 0.9934036939313984 0.9921875 0.9934036939313984 0.9736328125 0.9841688654353562 0.955078125 0.9828496042216359 0.947265625 0.9722955145118733 0.923828125 0.9643799472295514 0.919921875 0.9643799472295514 0.91796875 0.9696569920844327 0.9189453125 0.9907651715039578 0.9111328125 0.9920844327176781 0.9091796875 0.9709762532981531 0.91015625 0.9604221635883905 0.9052734375 0.9538258575197889 0.8662109375 0.9379947229551451 0.845703125 0.9340369393139841 0.8447265625 0.996042216358839 0.8388671875 0.9947229551451188 0.83984375 0.9340369393139841 0.837890625 0.9287598944591029 0.8388671875 0.8535620052770448 0.8369140625 0.8271767810026385 0.8388671875 0.8034300791556728 0.8369140625 0.7255936675461742 0.8388671875 0.7189973614775725 0.8427734375 0.7189973614775725
1 0.8681640625 0.38522427440633245 0.8720703125 0.3865435356200528 0.869140625 0.3891820580474934 0.8671875 0.3970976253298153 0.8623046875 0.40369393139841686 0.8583984375 0.40369393139841686 0.85546875 0.40897097625329815 0.8515625 0.40897097625329815 0.8486328125 0.40105540897097625 0.84375 0.40369393139841686 0.84765625 0.4155672823218997 0.8779296875 0.4155672823218997 0.9033203125 0.41160949868073876 0.9111328125 0.41424802110817943 0.9140625 0.4182058047493404 0.9111328125 0.45118733509234826 0.8974609375 0.46701846965699206 0.89453125 0.47757255936675463 0.8837890625 0.49076517150395776 0.8828125 0.4947229551451187 0.8818359375 0.5145118733509235 0.8837890625 0.5171503957783641 0.8828125 0.5277044854881267 0.884765625 0.5422163588390502 0.884765625 0.5923482849604221 0.8837890625 0.5989445910290238 0.8798828125 0.6015831134564644 0.8798828125 0.6055408970976254 0.8779296875 0.6055408970976254 0.875 0.6121372031662269 0.8798828125 0.6147757255936676 0.8759765625 0.6213720316622692 0.8779296875 0.6253298153034301 0.876953125 0.6345646437994723 0.9072265625 0.6345646437994723 0.9111328125 0.6385224274406333 0.9111328125 0.6464379947229552 0.890625 0.6569920844327177 0.890625 0.6675461741424802 0.8876953125 0.6715039577836411 0.888671875 0.6820580474934037 0.88671875 0.6846965699208444 0.8759765625 0.6873350923482849 0.8740234375 0.6846965699208444 0.8662109375 0.6873350923482849 0.859375 0.6860158311345647 0.857421875 0.6886543535620053 0.8466796875 0.6886543535620053 0.8330078125 0.6820580474934037 0.833984375 0.6781002638522428 0.828125 0.6715039577836411 0.822265625 0.6781002638522428 0.8232421875 0.6820580474934037 0.8203125 0.6886543535620053 0.810546875 0.6860158311345647 0.8095703125 0.683377308707124 0.8095703125 0.6701846965699209 0.8125 0.6569920844327177 0.8076171875 0.6543535620052771 0.8046875 0.6477572559366754 0.8056640625 0.6253298153034301 0.8017578125 0.5844327176781002 0.8037109375 0.5435356200527705 0.80078125 0.521108179419525 0.802734375 0.4868073878627968 0.8017578125 0.44591029023746703 0.802734375 0.420844327176781 0.8056640625 0.4129287598944591 0.8134765625 0.4129287598944591 0.8173828125 0.4182058047493404 0.8359375 0.4155672823218997 0.8408203125 0.41160949868073876 0.8408203125 0.3997361477572559 0.8427734375 0.39577836411609496 0.8388671875 0.39050131926121373 0.833984375 0.3891820580474934 0.8583984375 0.38258575197889183 0.8671875 0.38522427440633245
1 0.1953125 0.7321899736147758 0.263671875 0.7335092348284961 0.2646484375 0.7387862796833773 0.2607421875 0.7440633245382586 0.19140625 0.7427440633245382 0.1884765625 0.7387862796833773 0.1884765625 0.7335092348284961 0.1943359375 0.7321899736147758
1 0.2109375 0.6952506596306068 0.2109375 0.7031662269129287 0.208984375 0.7071240105540897 0.177734375 0.7269129287598944 0.1533203125 0.7467018469656992 0.1416015625 0.7519788918205804 0.1298828125 0.762532981530343 0.111328125 0.7704485488126649 0.0966796875 0.7810026385224275 0.07421875 0.7849604221635884 0.0458984375 0.783641160949868 0.04296875 0.7770448548812665 0.0458984375 0.7678100263852242 0.0869140625 0.7678100263852242 0.0966796875 0.7572559366754618 0.11328125 0.7506596306068601 0.119140625 0.7401055408970977 0.1337890625 0.7401055408970977 0.1435546875 0.7348284960422163 0.1474609375 0.7295514511873351 0.1494140625 0.7150395778364116 0.16015625 0.7071240105540897 0.16796875 0.7044854881266491 0.1904296875 0.7044854881266491 0.19921875 0.6978891820580475 0.2099609375 0.6952506596306068
1 0.310546875 0.35883905013192613 0.3212890625 0.35883905013192613 0.32421875 0.3627968337730871 0.3427734375 0.35883905013192613 0.3447265625 0.36147757255936674 0.3564453125 0.36147757255936674 0.3837890625 0.36939313984168864 0.3896484375 0.37730870712401055 0.392578125 0.3891820580474934 0.390625 0.4129287598944591 0.392578125 0.4234828496042216 0.3916015625 0.45646437994722955 0.3876953125 0.45910290237467016 0.39453125 0.4630606860158311 0.3876953125 0.4815303430079156 0.353515625 0.4868073878627968 0.3603515625 0.49076517150395776 0.3623046875 0.4947229551451187 0.365234375 0.4947229551451187 0.36328125 0.49604221635883905 0.365234375 0.5013192612137203 0.36328125 0.5026385224274407 0.365234375 0.5145118733509235 0.3623046875 0.5184696569920845 0.357421875 0.5184696569920845 0.35546875 0.525065963060686 0.357421875 0.5290237467018469 0.3544921875 0.5303430079155673 0.3515625 0.5263852242744064 0.3486328125 0.5303430079155673 0.34765625 0.525065963060686 0.3515625 0.5224274406332454 0.3447265625 0.5158311345646438 0.3408203125 0.5237467018469657 0.3369140625 0.525065963060686 0.3408203125 0.5263852242744064 0.3447265625 0.5356200527704486 0.3486328125 0.5356200527704486 0.3515625 0.5435356200527705 0.3544921875 0.5382585751978892 0.3720703125 0.5343007915567283 0.376953125 0.5408970976253298 0.3642578125 0.5514511873350924 0.3515625 0.5527704485488126 0.3466796875 0.5567282321899736 0.349609375 0.5633245382585752 0.3486328125 0.5672823218997362 0.3515625 0.5712401055408971 0.3544921875 0.5712401055408971 0.3525390625 0.575197889182058 0.35546875 0.5804749340369393 0.3486328125 0.6055408970976254 0.3515625 0.6147757255936676 0.353515625 0.633245382585752 0.3525390625 0.658311345646438 0.3427734375 0.6635883905013192 0.3427734375 0.6675461741424802 0.3525390625 0.6820580474934037 0.353515625 0.6873350923482849 0.3515625 0.7176781002638523 0.3466796875 0.7229551451187335 0.345703125 0.7308707124010554 0.3486328125 0.7361477572559367 0.3447265625 0.7493403693931399 0.3427734375 0.7744063324538258 0.3310546875 0.7862796833773087 0.318359375 0.7902374670184696 0.28125 0.7889182058047494 0.279296875 0.7862796833773087 0.2783203125 0.7598944591029023 0.2763671875 0.7572559366754618 0.2646484375 0.7546174142480211 0.263671875 0.7387862796833773 0.267578125 0.6952506596306068 0.265625 0.6741424802110818 0.2685546875 0.6649076517150396 0.267578125 0.6569920844327177 0.26953125 0.6530343007915568 0.2705078125 0.6253298153034301 0.2744140625 0.6160949868073878 0.2763671875 0.5910290237467019 0.275390625 0.5606860158311345 0.2783203125 0.5567282321899736 0.275390625 0.5527704485488126 0.275390625 0.5448548812664907 0.2802734375 0.5448548812664907 0.2822265625 0.5422163588390502 0.28125 0.5395778364116095 0.2763671875 0.5395778364116095 0.2763671875 0.5369393139841688 0.2783203125 0.5395778364116095 0.2900390625 0.5369393139841688 0.296875 0.5395778364116095 0.2998046875 0.5448548812664907 0.3115234375 0.5435356200527705 0.3173828125 0.5501319261213721 0.3173828125 0.554089709762533 0.3212890625 0.5527704485488126 0.32421875 0.5461741424802111 0.3271484375 0.5501319261213721 0.3291015625 0.5448548812664907 0.3232421875 0.5369393139841688 0.3232421875 0.521108179419525 0.310546875 0.5145118733509235 0.3193359375 0.5092348284960422 0.3232421875 0.5131926121372031 0.328125 0.5118733509234829 0.3310546875 0.5079155672823219 0.3232421875 0.5013192612137203 0.3349609375 0.49076517150395776 0.3466796875 0.4894459102902375 0.3466796875 0.4868073878627968 0.341796875 0.4815303430079156 0.326171875 0.47757255936675463 0.27734375 0.47757255936675463 0.279296875 0.4683377308707124 0.2900390625 0.46965699208443273 0.29296875 0.4736147757255937 0.298828125 0.46965699208443273 0.3115234375 0.46965699208443273 0.3154296875 0.47229551451187335 0.3212890625 0.46965699208443273 0.3359375 0.46965699208443273 0.3408203125 0.46437994722955145 0.337890625 0.45910290237467016 0.337890625 0.45382585751978893 0.3447265625 0.4445910290237467 0.3466796875 0.43535620052770446 0.3427734375 0.4313984168865435 0.333984375 0.4313984168865435 0.3349609375 0.4287598944591029 0.341796875 0.43007915567282323 0.3447265625 0.42216358839050133 0.3486328125 0.42480211081794195 0.3515625 0.41424802110817943 0.3427734375 0.4102902374670185 0.341796875 0.40633245382585753 0.337890625 0.40897097625329815 0.3330078125 0.391820580474934 0.3330078125 0.3839050131926121 0.3291015625 0.37994722955145116 0.3203125 0.3839050131926121 0.2998046875 0.37994722955145116 0.2861328125 0.38258575197889183 0.279296875 0.391820580474934 0.28125 0.37467018469656993 0.2861328125 0.3654353562005277 0.3095703125 0.35883905013192613
1 0.212890625 0.600263852242744 0.2138671875 0.6029023746701847 0.2109375 0.6121372031662269 0.205078125 0.6160949868073878 0.1953125 0.6174142480211082 0.1884765625 0.6226912928759895 0.17578125 0.6253298153034301 0.10546875 0.6569920844327177 0.072265625 0.6609498680738787 0.0478515625 0.658311345646438 0.04296875 0.6543535620052771 0.04296875 0.6464379947229552 0.087890625 0.6464379947229552 0.1025390625 0.633245382585752 0.119140625 0.633245382585752 0.126953125 0.6306068601583114 0.1357421875 0.6200527704485488 0.1474609375 0.6134564643799473 0.1689453125 0.6134564643799473 0.1826171875 0.6068601583113457 0.2119140625 0.600263852242744
1 0.0712890625 0.40633245382585753 0.078125 0.4076517150395778 0.0810546875 0.41424802110817943 0.0673828125 0.41688654353562005 0.056640625 0.4287598944591029 0.0048828125 0.42744063324538256 0.0029296875 0.41424802110817943 0 0.4102902374670185 0.0048828125 0.4076517150395778 0.0498046875 0.4102902374670185 0.0703125 0.40633245382585753
1 0.9140625 0.41688654353562005 0.912109375 0.42480211081794195 0.8359375 0.42480211081794195 0.8310546875 0.42744063324538256 0.8134765625 0.4261213720316623 0.80859375 0.4287598944591029 0.8037109375 0.4287598944591029 0.8017578125 0.42216358839050133 0.802734375 0.4182058047493404 0.9130859375 0.41688654353562005
1 0.7109375 0.554089709762533 0.7353515625 0.5765171503957783 0.73828125 0.58311345646438 0.7373046875 0.5857519788918206 0.7099609375 0.5606860158311345 0.7080078125 0.5567282321899736 0.7099609375 0.554089709762533
1 0.076171875 0.3337730870712401 0.08203125 0.33773087071240104 0.083984375 0.35092348284960423 0.08203125 0.38258575197889183 0.083984375 0.3865435356200528 0.142578125 0.39313984168865435 0.1513671875 0.391820580474934 0.1689453125 0.39577836411609496 0.181640625 0.3944591029023747 0.1982421875 0.39841688654353563 0.2041015625 0.39841688654353563 0.2060546875 0.39050131926121373 0.208984375 0.39050131926121373 0.212890625 0.3944591029023747 0.2119140625 0.3970976253298153 0.2158203125 0.3997361477572559 0.2158203125 0.41424802110817943 0.2119140625 0.4182058047493404 0.212890625 0.420844327176781 0.1962890625 0.4129287598944591 0.1669921875 0.41424802110817943 0.146484375 0.4102902374670185 0.1259765625 0.4129287598944591 0.12109375 0.4076517150395778 0.087890625 0.4050131926121372 0.0849609375 0.4076517150395778 0.0810546875 0.4234828496042216 0.0693359375 0.4234828496042216 0.0673828125 0.41952506596306066 0.0654296875 0.420844327176781 0.0673828125 0.42744063324538256 0.0703125 0.4261213720316623 0.07421875 0.43007915567282323 0.0751953125 0.4261213720316623 0.0791015625 0.4261213720316623 0.08203125 0.43271767810026385 0.0810546875 0.47229551451187335 0.0830078125 0.4788918205804749 0.08203125 0.4815303430079156 0.0654296875 0.48021108179419525 0.0625 0.470976253298153 0.064453125 0.45910290237467016 0.0634765625 0.4525065963060686 0.068359375 0.44854881266490765 0.0703125 0.4419525065963061 0.064453125 0.43535620052770446 0.064453125 0.43007915567282323 0.0576171875 0.4261213720316623 0.0390625 0.4287598944591029 0.0341796875 0.42480211081794195 0.0419921875 0.41688654353562005 0.0498046875 0.41424802110817943 0.056640625 0.41688654353562005 0.060546875 0.41160949868073876 0.0771484375 0.4076517150395778 0.0830078125 0.40369393139841686 0.0810546875 0.3997361477572559 0.07421875 0.39577836411609496 0.0732421875 0.38786279683377306 0.0703125 0.38258575197889183 0.072265625 0.37467018469656993 0.072265625 0.36807387862796836 0.0703125 0.3654353562005277 0.072265625 0.3627968337730871 0.072265625 0.35356200527704484 0.0751953125 0.3482849604221636 0.07421875 0.34300791556728233 0.0791015625 0.3403693931398417 0.076171875 0.33509234828496043
1 0.3447265625 0.46701846965699206 0.3515625 0.4762532981530343 0.373046875 0.47757255936675463 0.375 0.48021108179419525 0.3583984375 0.47757255936675463 0.35546875 0.4815303430079156 0.3486328125 0.4762532981530343 0.345703125 0.4815303430079156 0.3369140625 0.4788918205804749 0.2783203125 0.4788918205804749 0.2763671875 0.4762532981530343 0.2783203125 0.46965699208443273 0.30859375 0.470976253298153 0.34375 0.46701846965699206
1 0.2763671875 0.5778364116094987 0.2763671875 0.5633245382585752 0.2783203125 0.5606860158311345 0.3271484375 0.5606860158311345 0.333984375 0.558047493403694 0.3369140625 0.5606860158311345 0.333984375 0.5699208443271768 0.3232421875 0.5725593667546174 0.3212890625 0.5936675461741425 0.3173828125 0.5936675461741425 0.31640625 0.58311345646438 0.3134765625 0.5778364116094987 0.30859375 0.5817941952506597 0.306640625 0.5910290237467019 0.3076171875 0.600263852242744 0.3037109375 0.6108179419525066 0.30859375 0.6174142480211082 0.314453125 0.6160949868073878 0.3173828125 0.6187335092348285 0.3330078125 0.6187335092348285 0.3369140625 0.6134564643799473 0.3486328125 0.6134564643799473 0.3466796875 0.6226912928759895 0.3515625 0.6292875989445911 0.3525390625 0.6530343007915568 0.3515625 0.6556728232189973 0.34765625 0.6543535620052771 0.341796875 0.6635883905013192 0.33984375 0.6635883905013192 0.337890625 0.6741424802110818 0.3349609375 0.6754617414248021 0.3369140625 0.6820580474934037 0.341796875 0.6767810026385225 0.345703125 0.683377308707124 0.3525390625 0.6873350923482849 0.3525390625 0.7018469656992085 0.3515625 0.7044854881266491 0.3466796875 0.7044854881266491 0.3447265625 0.712401055408971 0.34375 0.7691292875989446 0.341796875 0.7757255936675461 0.3251953125 0.7889182058047494 0.283203125 0.7889182058047494 0.279296875 0.7810026385224275 0.2802734375 0.7678100263852242 0.2783203125 0.7598944591029023 0.2646484375 0.7546174142480211 0.263671875 0.7361477572559367 0.2685546875 0.6899736147757256 0.265625 0.6741424802110818 0.2685546875 0.6675461741424802 0.2685546875 0.6569920844327177 0.2705078125 0.6530343007915568 0.271484375 0.6240105540897097 0.275390625 0.6174142480211082 0.275390625 0.6134564643799473 0.2783203125 0.6174142480211082 0.287109375 0.6187335092348285 0.291015625 0.6174142480211082 0.2939453125 0.6108179419525066 0.291015625 0.5923482849604221 0.2939453125 0.5897097625329816 0.2939453125 0.5738786279683378 0.2861328125 0.5686015831134564 0.283203125 0.579155672823219 0.27734375 0.5778364116094987
1 0.4248046875 0.39050131926121373 0.4482421875 0.39577836411609496 0.4560546875 0.40105540897097625 0.4580078125 0.42480211081794195 0.44921875 0.43007915567282323 0.443359375 0.44591029023746703 0.4453125 0.44854881266490765 0.44921875 0.44591029023746703 0.455078125 0.4472295514511873 0.4599609375 0.4366754617414248 0.4609375 0.4525065963060686 0.462890625 0.45646437994722955 0.4599609375 0.46965699208443273 0.4609375 0.49076517150395776 0.458984375 0.5079155672823219 0.4609375 0.5145118733509235 0.4580078125 0.5369393139841688 0.458984375 0.5659630606860159 0.4501953125 0.5804749340369393 0.458984375 0.5936675461741425 0.4560546875 0.633245382585752 0.4501953125 0.6398416886543535 0.453125 0.6424802110817942 0.453125 0.6464379947229552 0.443359375 0.6543535620052771 0.4384765625 0.662269129287599 0.4306640625 0.658311345646438 0.4287109375 0.6543535620052771 0.427734375 0.6292875989445911 0.4306640625 0.6240105540897097 0.431640625 0.6147757255936676 0.4345703125 0.6121372031662269 0.4296875 0.5778364116094987 0.431640625 0.5501319261213721 0.4287109375 0.5435356200527705 0.4267578125 0.5224274406332454 0.4287109375 0.5118733509234829 0.4248046875 0.5079155672823219 0.4208984375 0.5092348284960422 0.41796875 0.5158311345646438 0.412109375 0.5105540897097626 0.400390625 0.5079155672823219 0.396484375 0.5026385224274407 0.3974609375 0.4894459102902375 0.40234375 0.49076517150395776 0.4052734375 0.49604221635883905 0.4326171875 0.49604221635883905 0.4365234375 0.49340369393139843 0.4384765625 0.4841688654353562 0.435546875 0.4683377308707124 0.4208984375 0.4656992084432718 0.4169921875 0.46965699208443273 0.4033203125 0.46965699208443273 0.3994140625 0.46701846965699206 0.400390625 0.46437994722955145 0.4140625 0.46437994722955145 0.4169921875 0.45910290237467016 0.4287109375 0.45382585751978893 0.4296875 0.4445910290237467 0.427734375 0.4419525065963061 0.4248046875 0.44327176781002636 0.4228515625 0.4340369393139842 0.419921875 0.43007915567282323 0.4140625 0.4287598944591029 0.4111328125 0.43271767810026385 0.4072265625 0.43007915567282323 0.404296875 0.4366754617414248 0.40625 0.4419525065963061 0.4111328125 0.4393139841688654 0.412109375 0.4445910290237467 0.404296875 0.449868073878628 0.4013671875 0.44854881266490765 0.4052734375 0.4445910290237467 0.400390625 0.4445910290237467 0.3974609375 0.4419525065963061 0.396484375 0.4366754617414248 0.3955078125 0.420844327176781 0.3974609375 0.39313984168865435 0.3994140625 0.3970976253298153 0.3984375 0.4076517150395778 0.400390625 0.4155672823218997 0.421875 0.4155672823218997 0.421875 0.4076517150395778 0.4169921875 0.40369393139841686 0.41796875 0.40105540897097625 0.421875 0.4023746701846966 0.421875 0.39313984168865435 0.423828125 0.391820580474934
1 0.8125 0.3562005277044855 0.8369140625 0.3562005277044855 0.8671875 0.36015831134564646 0.8681640625 0.3641160949868074 0.8623046875 0.3720316622691293 0.8623046875 0.3786279683377309 0.873046875 0.3865435356200528 0.876953125 0.3865435356200528 0.8720703125 0.39050131926121373 0.873046875 0.3970976253298153 0.869140625 0.3970976253298153 0.8662109375 0.40369393139841686 0.8564453125 0.4076517150395778 0.85546875 0.41160949868073876 0.857421875 0.4155672823218997 0.8759765625 0.4155672823218997 0.88671875 0.4102902374670185 0.8994140625 0.40897097625329815 0.90625 0.41424802110817943 0.9111328125 0.41424802110817943 0.9140625 0.420844327176781 0.9111328125 0.449868073878628 0.9033203125 0.45646437994722955 0.904296875 0.45910290237467016 0.8984375 0.46437994722955145 0.8935546875 0.47757255936675463 0.8837890625 0.48812664907651715 0.8798828125 0.4973614775725594 0.8798828125 0.5118733509234829 0.873046875 0.5145118733509235 0.865234375 0.5118733509234829 0.8623046875 0.5171503957783641 0.8564453125 0.5118733509234829 0.8369140625 0.5131926121372031 0.83203125 0.5184696569920845 0.8291015625 0.5131926121372031 0.822265625 0.5131926121372031 0.8173828125 0.5184696569920845 0.810546875 0.5184696569920845 0.8076171875 0.525065963060686 0.802734375 0.5290237467018469 0.80859375 0.5356200527704486 0.80859375 0.5461741424802111 0.8330078125 0.5448548812664907 0.8408203125 0.5474934036939314 0.841796875 0.5461741424802111 0.837890625 0.5395778364116095 0.84375 0.5369393139841688 0.8486328125 0.5382585751978892 0.8515625 0.5356200527704486 0.8515625 0.5290237467018469 0.85546875 0.5277044854881267 0.8583984375 0.5369393139841688 0.8662109375 0.5356200527704486 0.8701171875 0.5395778364116095 0.8798828125 0.5382585751978892 0.8828125 0.5422163588390502 0.8837890625 0.5488126649076517 0.8828125 0.5646437994722955 0.8798828125 0.5738786279683378 0.8720703125 0.5765171503957783 0.873046875 0.579155672823219 0.876953125 0.579155672823219 0.8828125 0.5844327176781002 0.8837890625 0.5923482849604221 0.8798828125 0.5949868073878628 0.8828125 0.5976253298153035 0.8779296875 0.5989445910290238 0.8740234375 0.604221635883905 0.869140625 0.6029023746701847 0.8681640625 0.6055408970976254 0.8642578125 0.6055408970976254 0.8662109375 0.6015831134564644 0.865234375 0.5989445910290238 0.8525390625 0.5897097625329816 0.8486328125 0.5963060686015831 0.8408203125 0.5963060686015831 0.8359375 0.5923482849604221 0.837890625 0.5870712401055409 0.8525390625 0.5883905013192612 0.861328125 0.5857519788918206 0.8642578125 0.5817941952506597 0.8671875 0.5738786279683378 0.8603515625 0.5699208443271768 0.85546875 0.5593667546174143 0.8515625 0.5633245382585752 0.8525390625 0.5672823218997362 0.8486328125 0.5712401055408971 0.8427734375 0.5712401055408971 0.83984375 0.575197889182058 0.830078125 0.5738786279683378 0.828125 0.5765171503957783 0.826171875 0.5725593667546174 0.822265625 0.5725593667546174 0.818359375 0.5765171503957783 0.8154296875 0.5804749340369393 0.8193359375 0.5857519788918206 0.826171875 0.5883905013192612 0.8232421875 0.5883905013192612 0.818359375 0.5936675461741425 0.8173828125 0.5989445910290238 0.8125 0.5936675461741425 0.80859375 0.5949868073878628 0.8125 0.6081794195250659 0.8173828125 0.6147757255936676 0.8193359375 0.6081794195250659 0.8154296875 0.6055408970976254 0.8212890625 0.6055408970976254 0.8212890625 0.6121372031662269 0.82421875 0.6187335092348285 0.8212890625 0.6213720316622692 0.822265625 0.6266490765171504 0.8173828125 0.6253298153034301 0.8154296875 0.6279683377308707 0.81640625 0.6345646437994723 0.857421875 0.6358839050131926 0.8642578125 0.6385224274406333 0.875 0.6358839050131926 0.8818359375 0.6398416886543535 0.8916015625 0.637203166226913 0.91015625 0.6398416886543535 0.90625 0.6411609498680739 0.904296875 0.6503957783641161 0.8916015625 0.6530343007915568 0.888671875 0.6569920844327177 0.890625 0.6649076517150396 0.8896484375 0.6781002638522428 0.892578125 0.6820580474934037 0.8896484375 0.6846965699208444 0.8759765625 0.6860158311345647 0.87109375 0.683377308707124 0.8671875 0.6886543535620053 0.8486328125 0.6886543535620053 0.841796875 0.6912928759894459 0.841796875 0.6952506596306068 0.8330078125 0.6939313984168866 0.82421875 0.6965699208443272 0.8173828125 0.7058047493403694 0.814453125 0.7018469656992085 0.810546875 0.7031662269129287 0.806640625 0.6992084432717678 0.80859375 0.6886543535620053 0.806640625 0.6754617414248021 0.810546875 0.6569920844327177 0.8037109375 0.6517150395778364 0.8056640625 0.6358839050131926 0.8056640625 0.6253298153034301 0.8037109375 0.6226912928759895 0.8056640625 0.6134564643799473 0.8037109375 0.6108179419525066 0.802734375 0.6015831134564644 0.8046875 0.5976253298153035 0.802734375 0.5936675461741425 0.80078125 0.5738786279683378 0.8017578125 0.5488126649076517 0.8056640625 0.5461741424802111 0.806640625 0.5422163588390502 0.7998046875 0.5356200527704486 0.8017578125 0.5316622691292876 0.798828125 0.5263852242744064 0.798828125 0.4973614775725594 0.7958984375 0.49340369393139843 0.7919921875 0.49340369393139843 0.798828125 0.4868073878627968 0.8017578125 0.4788918205804749 0.7998046875 0.45382585751978893 0.80078125 0.4393139841688654 0.798828125 0.43535620052770446 0.8017578125 0.4313984168865435 0.8017578125 0.42744063324538256 0.80078125 0.41688654353562005 0.7958984375 0.4155672823218997 0.7958984375 0.40633245382585753 0.80078125 0.4050131926121372 0.798828125 0.3944591029023747 0.7998046875 0.3891820580474934 0.7978515625 0.38258575197889183 0.783203125 0.3654353562005277 0.79296875 0.36015831134564646 0.7978515625 0.36147757255936674 0.7998046875 0.35883905013192613 0.8037109375 0.36147757255936674 0.8046875 0.35883905013192613 0.8115234375 0.3562005277044855
1 0.7060546875 0.5026385224274407 0.728515625 0.5092348284960422 0.736328125 0.5145118733509235 0.73828125 0.5184696569920845 0.7373046875 0.5224274406332454 0.7265625 0.5197889182058048 0.7099609375 0.5105540897097626 0.7060546875 0.503957783641161
1 0.046875 0.5844327176781002 0.0576171875 0.5857519788918206 0.0703125 0.5804749340369393 0.0791015625 0.58311345646438 0.080078125 0.5923482849604221 0.078125 0.5949868073878628 0.0703125 0.5989445910290238 0.06640625 0.5976253298153035 0.05859375 0.6029023746701847 0.0361328125 0.6029023746701847 0.0263671875 0.5963060686015831 0.009765625 0.5949868073878628 0.0029296875 0.5883905013192612 0.005859375 0.5844327176781002 0.0458984375 0.5844327176781002
1 0.1435546875 0.5184696569920845 0.1416015625 0.5052770448548812 0.14453125 0.5026385224274407 0.2080078125 0.49604221635883905 0.2119140625 0.4973614775725594 0.212890625 0.503957783641161 0.2109375 0.5092348284960422 0.20703125 0.5118733509234829 0.14453125 0.5184696569920845
1 0.2216796875 0.5422163588390502 0.251953125 0.5408970976253298 0.255859375 0.5461741424802111 0.2529296875 0.5501319261213721 0.228515625 0.5501319261213721 0.2236328125 0.5488126649076517 0.2216796875 0.5435356200527705
1 0.8369140625 0.6345646437994723 0.8779296875 0.637203166226913 0.9052734375 0.6358839050131926 0.9111328125 0.6385224274406333 0.912109375 0.6437994722955145 0.9111328125 0.6490765171503958 0.90234375 0.6530343007915568 0.8798828125 0.6503957783641161 0.8642578125 0.6517150395778364 0.8564453125 0.6490765171503958 0.8310546875 0.6517150395778364 0.8115234375 0.6503957783641161 0.80859375 0.6464379947229552 0.8095703125 0.6358839050131926 0.8359375 0.6345646437994723
1 0.8154296875 0.49868073878627966 0.8759765625 0.5 0.8818359375 0.4973614775725594 0.8828125 0.5052770448548812 0.8798828125 0.5118733509234829 0.80859375 0.5105540897097626 0.8037109375 0.5065963060686016 0.802734375 0.5 0.814453125 0.49868073878627966
1 0.712890625 0.42744063324538256 0.7138671875 0.4313984168865435 0.7109375 0.4366754617414248 0.7060546875 0.43535620052770446 0.697265625 0.4419525065963061 0.69921875 0.44327176781002636 0.69921875 0.45382585751978893 0.6962890625 0.45910290237467016 0.703125 0.4630606860158311 0.703125 0.4736147757255937 0.705078125 0.4762532981530343 0.7177734375 0.4762532981530343 0.724609375 0.4815303430079156 0.724609375 0.4868073878627968 0.72265625 0.4894459102902375 0.716796875 0.4894459102902375 0.7119140625 0.5013192612137203 0.7177734375 0.5065963060686016 0.724609375 0.5079155672823219 0.7373046875 0.5184696569920845 0.736328125 0.521108179419525 0.72265625 0.525065963060686 0.728515625 0.5343007915567283 0.7333984375 0.5356200527704486 0.736328125 0.554089709762533 0.732421875 0.5567282321899736 0.728515625 0.5567282321899736 0.728515625 0.554089709762533 0.724609375 0.5514511873350924 0.720703125 0.554089709762533 0.7275390625 0.5659630606860159 0.7373046875 0.5633245382585752 0.7373046875 0.5923482849604221 0.7333984375 0.6015831134564644 0.7373046875 0.6174142480211082 0.7373046875 0.6266490765171504 0.7265625 0.6160949868073878 0.705078125 0.5857519788918206 0.685546875 0.5501319261213721 0.671875 0.5369393139841688 0.669921875 0.5290237467018469 0.6708984375 0.5026385224274407 0.673828125 0.4973614775725594 0.6708984375 0.4868073878627968 0.6806640625 0.47757255936675463 0.6826171875 0.46965699208443273 0.6787109375 0.4656992084432718 0.677734375 0.4604221635883905 0.6884765625 0.45118733509234826 0.6943359375 0.45382585751978893 0.697265625 0.45118733509234826 0.6962890625 0.44327176781002636 0.69140625 0.4472295514511873 0.6865234375 0.44591029023746703 0.689453125 0.4366754617414248 0.6982421875 0.4313984168865435 0.7119140625 0.4287598944591029
1 0.8486328125 0.9076517150395779 0.8662109375 0.924802110817942 0.8876953125 0.9313984168865436 0.8955078125 0.9313984168865436 0.9150390625 0.9485488126649076 0.9404296875 0.9538258575197889 0.94921875 0.9511873350923483 0.962890625 0.9617414248021108 0.970703125 0.9643799472295514 0.9833984375 0.9630606860158312 0.9990234375 0.9815303430079155 0.9990234375 0.9934036939313984 0.97265625 0.9854881266490765 0.9521484375 0.9841688654353562 0.9482421875 0.9762532981530343 0.9423828125 0.9709762532981531 0.9208984375 0.9643799472295514 0.9140625 0.9511873350923483 0.9111328125 0.9591029023746702 0.875 0.941952506596306 0.8447265625 0.9327176781002638 0.8388671875 0.9261213720316622 0.837890625 0.920844327176781 0.83984375 0.9142480211081794 0.84765625 0.9089709762532981
1 0.265625 0.6688654353562006 0.265625 0.6781002638522428 0.248046875 0.679419525065963 0.2255859375 0.679419525065963 0.220703125 0.6715039577836411 0.2236328125 0.6675461741424802 0.2646484375 0.6688654353562006
1 0.27734375 0.43007915567282323 0.2763671875 0.42480211081794195 0.2783203125 0.42216358839050133 0.33203125 0.420844327176781 0.345703125 0.42216358839050133 0.3466796875 0.42744063324538256 0.3447265625 0.43007915567282323 0.2783203125 0.43007915567282323
1 0.109375 0.38786279683377306 0.12890625 0.391820580474934 0.212890625 0.39841688654353563 0.21484375 0.40105540897097625 0.2138671875 0.41424802110817943 0.09765625 0.4050131926121372 0.0849609375 0.40105540897097625 0.0830078125 0.3891820580474934 0.0849609375 0.3865435356200528 0.1083984375 0.38786279683377306
1 0.7001953125 0.525065963060686 0.70703125 0.5237467018469657 0.7158203125 0.5316622691292876 0.732421875 0.5395778364116095 0.7373046875 0.5461741424802111 0.7373046875 0.5514511873350924 0.732421875 0.5514511873350924 0.7060546875 0.5329815303430079 0.701171875 0.5263852242744064
1 0.896484375 0.4551451187335092 0.90234375 0.45910290237467016 0.8974609375 0.46437994722955145 0.873046875 0.4630606860158311 0.8681640625 0.46701846965699206 0.83984375 0.4656992084432718 0.83203125 0.4683377308707124 0.8154296875 0.4656992084432718 0.8046875 0.46701846965699206 0.802734375 0.46437994722955145 0.8037109375 0.45646437994722955 0.8837890625 0.4577836411609499 0.8955078125 0.4551451187335092
1 0.1923828125 0.7902374670184696 0.1982421875 0.7955145118733509 0.2099609375 0.7955145118733509 0.2119140625 0.7981530343007915 0.2099609375 0.8100263852242744 0.1884765625 0.8311345646437994 0.17578125 0.8390501319261213 0.1611328125 0.8430079155672823 0.154296875 0.8535620052770448 0.1484375 0.8562005277044855 0.1474609375 0.8654353562005277 0.10546875 0.9050131926121372 0.0986328125 0.9063324538258575 0.091796875 0.9129287598944591 0.0849609375 0.9155672823218998 0.0673828125 0.91688654353562 0.048828125 0.9142480211081794 0.0458984375 0.9102902374670184 0.0458984375 0.9023746701846965 0.0615234375 0.899736147757256 0.0703125 0.8931398416886543 0.07421875 0.8865435356200527 0.0771484375 0.8720316622691293 0.1123046875 0.8733509234828496 0.1240234375 0.8707124010554089 0.1376953125 0.8575197889182058 0.162109375 0.8403693931398417 0.1767578125 0.8218997361477572 0.177734375 0.8060686015831134 0.1796875 0.8021108179419525 0.19140625 0.7915567282321899
1 0.845703125 0.5408970976253298 0.8828125 0.5408970976253298 0.8837890625 0.5488126649076517 0.873046875 0.5514511873350924 0.849609375 0.5501319261213721 0.841796875 0.5527704485488126 0.8251953125 0.5501319261213721 0.8095703125 0.5527704485488126 0.8037109375 0.5514511873350924 0.8017578125 0.5461741424802111 0.802734375 0.5435356200527705 0.810546875 0.5422163588390502 0.8447265625 0.5408970976253298