1 0.0947265625 0.4773060029282577 0.11328125 0.4773060029282577 0.107421875 0.4773060029282577 0.0986328125 0.48462664714494874 0.0947265625 0.48462664714494874 0.0947265625 0.4787701317715959
1 0.7587890625 0.5768667642752562 0.7744140625 0.5871156661786238 0.7919921875 0.5915080527086384 0.802734375 0.6002928257686676 0.810546875 0.6017569546120058 0.81640625 0.6076134699853587 0.82421875 0.6090775988286969 0.84375 0.6193265007320644 0.8486328125 0.6178623718887262 0.85546875 0.5973645680819912 0.861328125 0.5929721815519766 0.87109375 0.5929721815519766 0.8798828125 0.5871156661786238 0.8828125 0.5871156661786238 0.8857421875 0.5929721815519766 0.884765625 0.6134699853587116 0.8798828125 0.6354319180087847 0.8779296875 0.657393850658858 0.8740234375 0.6661786237188873 0.8740234375 0.6808199121522694 0.87109375 0.6881405563689604 0.865234375 0.7379209370424598 0.861328125 0.7510980966325037 0.861328125 0.7628111273792094 0.8505859375 0.8067349926793558 0.8486328125 0.8272327964860908 0.8359375 0.8975109809663251 0.828125 0.9106881405563689 0.7998046875 0.9341142020497804 0.779296875 0.9150805270863837 0.765625 0.8975109809663251 0.7265625 0.8565153733528551 0.72265625 0.8506588579795022 0.7236328125 0.8316251830161054 0.7265625 0.8243045387994143 0.7314453125 0.8257686676427526 0.748046875 0.8448023426061494 0.7607421875 0.8550512445095169 0.763671875 0.8638360175695461 0.7724609375 0.87701317715959 0.7744140625 0.87701317715959 0.7734375 0.8784773060029283 0.775390625 0.8814055636896047 0.7822265625 0.8828696925329429 0.798828125 0.8989751098096632 0.802734375 0.8989751098096632 0.8046875 0.8960468521229868 0.8115234375 0.8726207906295754 0.8154296875 0.8521229868228404 0.8154296875 0.8418740849194729 0.8076171875 0.8316251830161054 0.79296875 0.821376281112738 0.7373046875 0.7715959004392386 0.7333984375 0.7657393850658858 0.7333984375 0.7540263543191801 0.7373046875 0.7452415812591509 0.8095703125 0.808199121522694 0.8173828125 0.8111273792093704 0.8203125 0.8067349926793558 0.8203125 0.7994143484626647 0.82421875 0.7862371888726208 0.828125 0.746705710102489 0.787109375 0.7174231332357247 0.78125 0.7159590043923866 0.7509765625 0.6896046852122987 0.744140625 0.6881405563689604 0.744140625 0.664714494875549 0.751953125 0.6661786237188873 0.7646484375 0.677891654465593 0.7802734375 0.6852122986822841 0.8056640625 0.7042459736456809 0.8291015625 0.7174231332357247 0.8310546875 0.7144948755490483 0.8310546875 0.705710102489019 0.8349609375 0.7013177159590044 0.83984375 0.6822840409956076 0.8427734375 0.6500732064421669 0.82421875 0.6383601756954612 0.7783203125 0.6193265007320644 0.771484375 0.6149341142020498 0.7666015625 0.6076134699853587 0.7568359375 0.6032210834553441 0.7529296875 0.5973645680819912 0.7529296875 0.5900439238653001 0.7548828125 0.5783308931185944 0.7578125 0.5768667642752562
1 0.7255859375 0.7701317715959004 0.7265625 0.7715959004392386 0.72265625 0.7789165446559297 0.697265625 0.787701317715959 0.6962890625 0.7950219619326501 0.6982421875 0.8023426061493412 0.693359375 0.8067349926793558 0.6884765625 0.8052708638360175 0.685546875 0.7906295754026355 0.6767578125 0.7906295754026355 0.65234375 0.7994143484626647 0.650390625 0.8023426061493412 0.6513671875 0.8169838945827232 0.6484375 0.8184480234260615 0.6396484375 0.8184480234260615 0.6396484375 0.8067349926793558 0.63671875 0.8023426061493412 0.6103515625 0.808199121522694 0.5947265625 0.808199121522694 0.5634765625 0.8169838945827232 0.5615234375 0.8243045387994143 0.564453125 0.83601756954612 0.556640625 0.8418740849194729 0.55078125 0.8389458272327965 0.5498046875 0.828696925329429 0.546875 0.8228404099560761 0.5048828125 0.828696925329429 0.5009765625 0.8330893118594437 0.4921875 0.83601756954612 0.466796875 0.8404099560761347 0.4638671875 0.8448023426061494 0.466796875 0.8550512445095169 0.4638671875 0.8653001464128843 0.4541015625 0.8653001464128843 0.4521484375 0.862371888726208 0.4521484375 0.8521229868228404 0.455078125 0.8448023426061494 0.44921875 0.8433382137628112 0.4462890625 0.8462664714494875 0.4306640625 0.849194729136164 0.4248046875 0.8535871156661786 0.41796875 0.8506588579795022 0.41015625 0.8550512445095169 0.4072265625 0.8521229868228404 0.400390625 0.8579795021961932 0.3994140625 0.8550512445095169 0.396484375 0.8550512445095169 0.3779296875 0.8609077598828697 0.337890625 0.8667642752562226 0.3203125 0.8740849194729137 0.2958984375 0.8784773060029283 0.29296875 0.8828696925329429 0.2900390625 0.8799414348462665 0.287109375 0.8828696925329429 0.2822265625 0.8814055636896047 0.2587890625 0.8872620790629575 0.244140625 0.8872620790629575 0.2275390625 0.8931185944363104 0.2041015625 0.8945827232796486 0.177734375 0.9033674963396779 0.150390625 0.9048316251830161 0.1474609375 0.9092240117130308 0.13671875 0.9077598828696926 0.123046875 0.9121522693997072 0.1123046875 0.9121522693997072 0.109375 0.9150805270863837 0.1025390625 0.9150805270863837 0.0986328125 0.9194729136163983 0.095703125 0.9150805270863837 0.091796875 0.9194729136163983 0.08984375 0.9077598828696926 0.0927734375 0.9033674963396779 0.1015625 0.9004392386530015 0.146484375 0.8916544655929722 0.1572265625 0.8931185944363104 0.1806640625 0.8872620790629575 0.203125 0.8857979502196194 0.216796875 0.8814055636896047 0.255859375 0.8784773060029283 0.2841796875 0.8682284040995608 0.3291015625 0.8594436310395315 0.345703125 0.8521229868228404 0.357421875 0.8521229868228404 0.396484375 0.8418740849194729 0.431640625 0.8374816983894583 0.447265625 0.8316251830161054 0.48046875 0.8257686676427526 0.501953125 0.8169838945827232 0.5380859375 0.8125915080527086 0.5791015625 0.7994143484626647 0.6328125 0.7920937042459737 0.6640625 0.7818448023426061 0.724609375 0.7701317715959004
1 0.7421875 0.6178623718887262 0.7451171875 0.6193265007320644 0.7451171875 0.6222547584187409 0.736328125 0.6266471449487555 0.6787109375 0.6295754026354319 0.67578125 0.6325036603221084 0.662109375 0.6325036603221084 0.6474609375 0.636896046852123 0.603515625 0.636896046852123 0.5830078125 0.6427525622254758 0.5771484375 0.6412884333821376 0.57421875 0.6442166910688141 0.513671875 0.6471449487554904 0.494140625 0.6515373352855052 0.490234375 0.6471449487554904 0.484375 0.6471449487554904 0.4814453125 0.6530014641288433 0.4521484375 0.6544655929721815 0.44921875 0.6500732064421669 0.4462890625 0.6544655929721815 0.423828125 0.6544655929721815 0.408203125 0.6603221083455344 0.4013671875 0.6603221083455344 0.3984375 0.657393850658858 0.400390625 0.6500732064421669 0.439453125 0.6471449487554904 0.4423828125 0.6442166910688141 0.4521484375 0.6471449487554904 0.470703125 0.6427525622254758 0.4951171875 0.6442166910688141 0.5087890625 0.6398243045387995 0.5322265625 0.6427525622254758 0.53515625 0.6398243045387995 0.548828125 0.6398243045387995 0.5517578125 0.636896046852123 0.568359375 0.6339677891654466 0.603515625 0.6325036603221084 0.6123046875 0.6354319180087847 0.619140625 0.6295754026354319 0.6357421875 0.6295754026354319 0.64453125 0.6251830161054173 0.658203125 0.6266471449487555 0.685546875 0.6207906295754027 0.6923828125 0.6222547584187409 0.703125 0.6193265007320644 0.7412109375 0.6178623718887262
1 0.74609375 0.616398243045388 0.7470703125 0.6222547584187409 0.744140625 0.6266471449487555 0.720703125 0.6281112737920937 0.7138671875 0.6310395314787701 0.6875 0.6310395314787701 0.6806640625 0.6339677891654466 0.6591796875 0.6354319180087847 0.6494140625 0.6383601756954612 0.6474609375 0.6412884333821376 0.6435546875 0.636896046852123 0.63671875 0.6398243045387995 0.6044921875 0.6398243045387995 0.5751953125 0.6456808199121523 0.556640625 0.6442166910688141 0.529296875 0.6500732064421669 0.5078125 0.6500732064421669 0.4951171875 0.6530014641288433 0.48828125 0.6500732064421669 0.4873046875 0.6530014641288433 0.484375 0.6515373352855052 0.48046875 0.6559297218155198 0.458984375 0.6544655929721815 0.4560546875 0.657393850658858 0.44921875 0.6544655929721815 0.4453125 0.6588579795021962 0.4267578125 0.657393850658858 0.41015625 0.6617862371888726 0.3974609375 0.6603221083455344 0.3935546875 0.657393850658858 0.392578125 0.6530014641288433 0.39453125 0.6500732064421669 0.4375 0.6427525622254758 0.53515625 0.6383601756954612 0.59375 0.6295754026354319 0.6259765625 0.6295754026354319 0.646484375 0.623718887262079 0.6728515625 0.6222547584187409 0.6787109375 0.6193265007320644 0.703125 0.6193265007320644 0.7353515625 0.6149341142020498 0.7451171875 0.616398243045388
1 0.3701171875 0.3821376281112738 0.4326171875 0.38945827232796487 0.5068359375 0.3923865300146413 0.55859375 0.39970717423133234 0.58984375 0.39970717423133234 0.6259765625 0.404099560761347 0.640625 0.40263543191800877 0.66796875 0.40702781844802344 0.7822265625 0.4128843338213763 0.7998046875 0.4172767203513909 0.80078125 0.424597364568082 0.7734375 0.424597364568082 0.765625 0.42020497803806733 0.7314453125 0.4216691068814056 0.7275390625 0.41874084919472915 0.6904296875 0.42020497803806733 0.685546875 0.4172767203513909 0.6220703125 0.4172767203513909 0.60546875 0.4158125915080527 0.6015625 0.4128843338213763 0.57421875 0.4158125915080527 0.5556640625 0.4084919472913616 0.54296875 0.41142020497803805 0.4912109375 0.4055636896046852 0.4736328125 0.40702781844802344 0.46484375 0.404099560761347 0.3994140625 0.404099560761347 0.376953125 0.39970717423133234 0.365234375 0.4011713030746706 0.3583984375 0.3967789165446559 0.357421875 0.38653001464128844 0.3603515625 0.3821376281112738 0.369140625 0.3821376281112738
1 0.99609375 0.6339677891654466 0.9990234375 0.6354319180087847 0.9990234375 0.6412884333821376 0.9775390625 0.6486090775988287 0.978515625 0.657393850658858 0.9736328125 0.6588579795021962 0.962890625 0.6500732064421669 0.951171875 0.6515373352855052 0.94921875 0.657393850658858 0.953125 0.664714494875549 0.94921875 0.6676427525622255 0.939453125 0.6559297218155198 0.921875 0.6559297218155198 0.9189453125 0.6603221083455344 0.9228515625 0.6676427525622255 0.9208984375 0.6720351390922401 0.916015625 0.6734992679355783 0.90625 0.6632503660322109 0.9033203125 0.6676427525622255 0.9072265625 0.6720351390922401 0.9072265625 0.6749633967789166 0.904296875 0.677891654465593 0.8916015625 0.677891654465593 0.88671875 0.6808199121522694 0.880859375 0.677891654465593 0.876953125 0.664714494875549 0.8798828125 0.6486090775988287 0.8837890625 0.6442166910688141 0.89453125 0.6442166910688141 0.9140625 0.6500732064421669 0.9951171875 0.6339677891654466
1 0.9462890625 0.5885797950219619 0.9580078125 0.5944363103953147 0.974609375 0.5944363103953147 0.9775390625 0.5885797950219619 0.984375 0.5841874084919473 0.9990234375 0.582723279648609 0.9990234375 0.595900439238653 0.9794921875 0.5988286969253295 0.9765625 0.6017569546120058 0.955078125 0.5988286969253295 0.9521484375 0.6017569546120058 0.94140625 0.6002928257686676 0.9365234375 0.6032210834553441 0.892578125 0.6076134699853587 0.888671875 0.6076134699853587 0.88671875 0.6046852122986823 0.8896484375 0.5973645680819912 0.9287109375 0.5944363103953147 0.9345703125 0.5929721815519766 0.9384765625 0.5885797950219619 0.9453125 0.5885797950219619
1 0.6396484375 0.7042459736456809 0.6240234375 0.7042459736456809 0.5712890625 0.7130307467057101 0.556640625 0.7115666178623719 0.55078125 0.7159590043923866 0.529296875 0.7174231332357247 0.4951171875 0.7247437774524158 0.48046875 0.7218155197657394 0.470703125 0.7276720351390923 0.4560546875 0.7306002928257687 0.435546875 0.7276720351390923 0.4306640625 0.7335285505124451 0.421875 0.7364568081991215 0.3994140625 0.7364568081991215 0.3505859375 0.7481698389458272 0.333984375 0.7481698389458272 0.333984375 0.7408491947291361 0.3388671875 0.7379209370424598 0.380859375 0.7335285505124451 0.384765625 0.7306002928257687 0.404296875 0.7291361639824304 0.42578125 0.7232796486090776 0.439453125 0.7232796486090776 0.4443359375 0.726207906295754 0.453125 0.7203513909224012 0.470703125 0.7159590043923866 0.5224609375 0.7115666178623719 0.5380859375 0.705710102489019 0.5673828125 0.705710102489019 0.7158203125 0.6793557833089312 0.73828125 0.6793557833089312 0.73828125 0.6837481698389458 0.7333984375 0.6866764275256223 0.708984375 0.6896046852122987 0.6552734375 0.7027818448023426 0.642578125 0.6998535871156661 0.640625 0.7027818448023426
1 0.7255859375 0.7715959004392386 0.72265625 0.7774524158125915 0.71484375 0.7818448023426061 0.6708984375 0.7906295754026355 0.6494140625 0.7964860907759883 0.6474609375 0.7994143484626647 0.6435546875 0.7964860907759883 0.640625 0.8023426061493412 0.638671875 0.7994143484626647 0.6328125 0.7994143484626647 0.5634765625 0.8140556368960469 0.560546875 0.8169838945827232 0.560546875 0.8316251830161054 0.55859375 0.821376281112738 0.552734375 0.8155197657393851 0.55078125 0.8199121522693997 0.544921875 0.8184480234260615 0.52734375 0.8243045387994143 0.5029296875 0.8257686676427526 0.4990234375 0.8316251830161054 0.4951171875 0.8330893118594437 0.4658203125 0.8374816983894583 0.462890625 0.8433382137628112 0.46484375 0.8550512445095169 0.462890625 0.862371888726208 0.4560546875 0.862371888726208 0.4541015625 0.8521229868228404 0.458984375 0.8462664714494875 0.4560546875 0.8404099560761347 0.4228515625 0.8506588579795022 0.4072265625 0.8462664714494875 0.4052734375 0.849194729136164 0.3974609375 0.8506588579795022 0.3916015625 0.8565153733528551 0.380859375 0.8594436310395315 0.3427734375 0.8638360175695461 0.3310546875 0.8696925329428989 0.3017578125 0.8755490483162518 0.2998046875 0.8784773060029283 0.296875 0.8755490483162518 0.2939453125 0.8799414348462665 0.2998046875 0.8857979502196194 0.2978515625 0.8887262079062958 0.2890625 0.8784773060029283 0.287109375 0.8814055636896047 0.2822265625 0.8799414348462665 0.279296875 0.8828696925329429 0.2392578125 0.8872620790629575 0.2197265625 0.8931185944363104 0.2060546875 0.8931185944363104 0.1796875 0.9019033674963397 0.1591796875 0.9019033674963397 0.1533203125 0.9048316251830161 0.150390625 0.8989751098096632 0.146484375 0.9062957540263543 0.111328125 0.9106881405563689 0.1083984375 0.9150805270863837 0.10546875 0.9121522693997072 0.0986328125 0.9209370424597365 0.0908203125 0.9106881405563689 0.0908203125 0.9077598828696926 0.0947265625 0.9033674963396779 0.1298828125 0.8960468521229868 0.1416015625 0.8960468521229868 0.1455078125 0.8931185944363104 0.1650390625 0.8931185944363104 0.1767578125 0.8887262079062958 0.2001953125 0.8872620790629575 0.212890625 0.8828696925329429 0.251953125 0.8814055636896047 0.28515625 0.8696925329428989 0.2900390625 0.8711566617862372 0.3154296875 0.862371888726208 0.3291015625 0.8609077598828697 0.3408203125 0.8550512445095169 0.369140625 0.8521229868228404 0.3759765625 0.8477306002928258 0.3916015625 0.8448023426061494 0.4091796875 0.8448023426061494 0.4453125 0.8330893118594437 0.4658203125 0.8316251830161054 0.5078125 0.8169838945827232 0.517578125 0.8169838945827232 0.5224609375 0.8140556368960469 0.5361328125 0.8155197657393851 0.5458984375 0.8096632503660323 0.5556640625 0.8096632503660323 0.5830078125 0.7994143484626647 0.609375 0.7979502196193266 0.6806640625 0.7789165446559297 0.724609375 0.7715959004392386
1 0.3603515625 0.28989751098096633 0.373046875 0.2884333821376281 0.388671875 0.29282576866764276 0.41015625 0.29282576866764276 0.44140625 0.3001464128843338 0.4521484375 0.2986822840409956 0.462890625 0.30307467057101023 0.4814453125 0.30307467057101023 0.484375 0.3074670571010249 0.5078125 0.30600292825768666 0.5361328125 0.31478770131771594 0.5390625 0.3118594436310395 0.5478515625 0.3118594436310395 0.6318359375 0.32210834553440704 0.640625 0.3235724743777452 0.6435546875 0.3279648609077599 0.646484375 0.32503660322108346 0.6650390625 0.3279648609077599 0.6689453125 0.3323572474377745 0.6611328125 0.33382137628111275 0.6416015625 0.3308931185944363 0.6083984375 0.3308931185944363 0.595703125 0.3206442166910688 0.591796875 0.3206442166910688 0.583984375 0.32650073206442165 0.5537109375 0.32210834553440704 0.5322265625 0.32210834553440704 0.5234375 0.31332357247437775 0.5146484375 0.31332357247437775 0.5087890625 0.3206442166910688 0.4970703125 0.3235724743777452 0.48828125 0.31478770131771594 0.4541015625 0.31478770131771594 0.443359375 0.3089311859443631 0.4345703125 0.3103953147877013 0.431640625 0.3074670571010249 0.388671875 0.30600292825768666 0.3759765625 0.3001464128843338 0.369140625 0.3001464128843338 0.3671875 0.29428989751098095 0.3642578125 0.29428989751098095 0.361328125 0.28989751098096633
1 0.6904296875 0.5563689604685212 0.6943359375 0.5592972181551976 0.701171875 0.5534407027818448 0.7568359375 0.5519765739385066 0.7578125 0.5534407027818448 0.75390625 0.5592972181551976 0.7412109375 0.5622254758418741 0.734375 0.5607613469985359 0.728515625 0.5636896046852123 0.6923828125 0.5607613469985359 0.689453125 0.5636896046852123 0.6689453125 0.5666178623718887 0.5771484375 0.568081991215227 0.5732421875 0.5710102489019033 0.5322265625 0.5710102489019033 0.52734375 0.575402635431918 0.5009765625 0.5739385065885798 0.494140625 0.5710102489019033 0.48828125 0.575402635431918 0.451171875 0.5768667642752562 0.44140625 0.5739385065885798 0.4384765625 0.5783308931185944 0.4365234375 0.575402635431918 0.427734375 0.575402635431918 0.4248046875 0.5783308931185944 0.4091796875 0.5797950219619327 0.376953125 0.5783308931185944 0.3701171875 0.5812591508052709 0.349609375 0.5797950219619327 0.3173828125 0.5841874084919473 0.2490234375 0.5841874084919473 0.244140625 0.5885797950219619 0.2392578125 0.5841874084919473 0.240234375 0.5783308931185944 0.23828125 0.575402635431918 0.2333984375 0.575402635431918 0.23046875 0.5841874084919473 0.2177734375 0.5885797950219619 0.1708984375 0.5885797950219619 0.1123046875 0.5929721815519766 0.0791015625 0.5929721815519766 0.0732421875 0.5885797950219619 0.0634765625 0.5885797950219619 0.056640625 0.5812591508052709 0.083984375 0.5768667642752562 0.1416015625 0.5768667642752562 0.20703125 0.5724743777452416 0.232421875 0.5739385065885798 0.2666015625 0.5695461200585652 0.294921875 0.5710102489019033 0.341796875 0.5666178623718887 0.4033203125 0.5666178623718887 0.4267578125 0.5651537335285505 0.4345703125 0.5578330893118595 0.4541015625 0.5636896046852123 0.4638671875 0.5636896046852123 0.4814453125 0.5607613469985359 0.515625 0.5622254758418741 0.5615234375 0.5578330893118595 0.5888671875 0.5592972181551976 0.595703125 0.5563689604685212 0.689453125 0.5563689604685212
1 0.7373046875 0.677891654465593 0.7373046875 0.6852122986822841 0.7294921875 0.6881405563689604 0.6640625 0.6998535871156661 0.6455078125 0.7071742313323572 0.62890625 0.7042459736456809 0.5654296875 0.7130307467057101 0.5634765625 0.7159590043923866 0.556640625 0.7144948755490483 0.5537109375 0.7174231332357247 0.515625 0.7203513909224012 0.4912109375 0.726207906295754 0.478515625 0.7232796486090776 0.4736328125 0.7276720351390923 0.435546875 0.7306002928257687 0.4228515625 0.7364568081991215 0.3984375 0.7379209370424598 0.37890625 0.7437774524158126 0.3662109375 0.7437774524158126 0.3408203125 0.7496339677891655 0.3349609375 0.7496339677891655 0.33203125 0.7481698389458272 0.33203125 0.7452415812591509 0.333984375 0.739385065885798 0.34375 0.7364568081991215 0.357421875 0.7364568081991215 0.423828125 0.7232796486090776 0.447265625 0.7232796486090776 0.46875 0.7159590043923866 0.51171875 0.7130307467057101 0.5361328125 0.705710102489019 0.5654296875 0.705710102489019 0.59765625 0.698389458272328 0.626953125 0.6954612005856515 0.63671875 0.6910688140556369 0.65234375 0.6910688140556369 0.7119140625 0.6793557833089312 0.736328125 0.677891654465593
1 0.6533203125 0.7964860907759883 0.6435546875 0.7950219619326501 0.638671875 0.7994143484626647 0.6259765625 0.7994143484626647 0.6064453125 0.8067349926793558 0.59375 0.8067349926793558 0.5615234375 0.8140556368960469 0.5595703125 0.8169838945827232 0.5537109375 0.8140556368960469 0.55078125 0.8184480234260615 0.544921875 0.8169838945827232 0.525390625 0.8243045387994143 0.5048828125 0.8243045387994143 0.498046875 0.8316251830161054 0.4716796875 0.8374816983894583 0.466796875 0.83601756954612 0.462890625 0.8418740849194729 0.4560546875 0.8389458272327965 0.4482421875 0.8404099560761347 0.421875 0.8506588579795022 0.4111328125 0.8448023426061494 0.4375 0.8374816983894583 0.4404296875 0.8345534407027818 0.466796875 0.8316251830161054 0.5078125 0.8169838945827232 0.5244140625 0.8140556368960469 0.537109375 0.8155197657393851 0.5458984375 0.8096632503660323 0.5576171875 0.8096632503660323 0.583984375 0.7994143484626647 0.6025390625 0.7994143484626647 0.6318359375 0.7935578330893118 0.6396484375 0.7891654465592972 0.6484375 0.7891654465592972 0.681640625 0.7789165446559297 0.716796875 0.7745241581259151 0.7197265625 0.7715959004392386 0.724609375 0.7715959004392386 0.7216796875 0.7774524158125915 0.697265625 0.7862371888726208 0.6806640625 0.787701317715959 0.654296875 0.7950219619326501
1 0.1357421875 0.25329428989751096 0.1552734375 0.25768667642752563 0.1748046875 0.25768667642752563 0.1884765625 0.26207906295754024 0.228515625 0.26500732064421667 0.2421875 0.27232796486090777 0.267578125 0.2708638360175695 0.322265625 0.2781844802342606 0.3544921875 0.28550512445095166 0.4033203125 0.28989751098096633 0.42578125 0.2957540263543192 0.4443359375 0.2957540263543192 0.482421875 0.30307467057101023 0.5048828125 0.30307467057101023 0.5224609375 0.3089311859443631 0.5908203125 0.31332357247437775 0.61328125 0.3191800878477306 0.6396484375 0.3206442166910688 0.673828125 0.3279648609077599 0.7109375 0.3294289897510981 0.7841796875 0.3440702781844802 0.8037109375 0.34260614934114203 0.8154296875 0.3484626647144949 0.8525390625 0.34992679355783307 0.8671875 0.35431918008784774 0.92578125 0.3616398243045388 0.935546875 0.36603221083455345 0.97265625 0.3689604685212299 0.9921875 0.37481698389458273 0.994140625 0.3821376281112738 0.990234375 0.383601756954612 0.98828125 0.38799414348462663 0.9912109375 0.3938506588579795 0.984375 0.38945827232796487 0.98046875 0.3821376281112738 0.9765625 0.3821376281112738 0.9765625 0.38945827232796487 0.97265625 0.38653001464128844 0.970703125 0.37774524158125916 0.962890625 0.3806734992679356 0.9599609375 0.37481698389458273 0.94921875 0.37774524158125916 0.9462890625 0.3733528550512445 0.9345703125 0.3762811127379209 0.9326171875 0.3718887262079063 0.91015625 0.3718887262079063 0.8740234375 0.363103953147877 0.8134765625 0.3601756954612006 0.7890625 0.3557833089311859 0.7861328125 0.3528550512445095 0.78125 0.3557833089311859 0.77734375 0.34992679355783307 0.7724609375 0.35431918008784774 0.76171875 0.3528550512445095 0.7314453125 0.34553440702781846 0.7060546875 0.3440702781844802 0.6962890625 0.3411420204978038 0.6884765625 0.33528550512445093 0.6826171875 0.3367496339677892 0.677734375 0.3323572474377745 0.609375 0.3323572474377745 0.6015625 0.3294289897510981 0.5986328125 0.32503660322108346 0.58984375 0.32503660322108346 0.58203125 0.3294289897510981 0.578125 0.32650073206442165 0.53515625 0.3235724743777452 0.5224609375 0.31771595900439237 0.51171875 0.31771595900439237 0.5068359375 0.3235724743777452 0.4716796875 0.31478770131771594 0.453125 0.31478770131771594 0.431640625 0.3074670571010249 0.390625 0.3074670571010249 0.376953125 0.30161054172767204 0.37109375 0.30161054172767204 0.3701171875 0.30600292825768666 0.3671875 0.3074670571010249 0.359375 0.2957540263543192 0.3544921875 0.30161054172767204 0.3515625 0.30161054172767204 0.33984375 0.2972181551976574 0.3115234375 0.2972181551976574 0.302734375 0.29282576866764276 0.279296875 0.29282576866764276 0.2646484375 0.2869692532942899 0.2578125 0.2869692532942899 0.25390625 0.2840409956076135 0.248046875 0.27232796486090777 0.244140625 0.2796486090775988 0.2333984375 0.2781844802342606 0.23046875 0.28550512445095166 0.1875 0.2781844802342606 0.1787109375 0.2781844802342606 0.17578125 0.28257686676427524 0.1708984375 0.28257686676427524 0.16796875 0.2781844802342606 0.1591796875 0.27379209370424595 0.138671875 0.27232796486090777 0.134765625 0.26939970717423134 0.1298828125 0.2708638360175695 0.1259765625 0.2679355783308931 0.1220703125 0.26939970717423134 0.1220703125 0.26207906295754024 0.1240234375 0.2591508052708638 0.1181640625 0.2547584187408492 0.134765625 0.25329428989751096
1 0.6904296875 0.554904831625183 0.7568359375 0.5519765739385066 0.7578125 0.5534407027818448 0.75390625 0.5592972181551976 0.736328125 0.5592972181551976 0.7265625 0.5636896046852123 0.69140625 0.5607613469985359 0.689453125 0.5636896046852123 0.66796875 0.5666178623718887 0.57421875 0.568081991215227 0.5712890625 0.5710102489019033 0.537109375 0.5710102489019033 0.5302734375 0.568081991215227 0.5263671875 0.5739385065885798 0.490234375 0.5710102489019033 0.4873046875 0.5739385065885798 0.4716796875 0.575402635431918 0.453125 0.575402635431918 0.451171875 0.5724743777452416 0.44140625 0.5710102489019033 0.4384765625 0.575402635431918 0.4287109375 0.5739385065885798 0.42578125 0.5768667642752562 0.4140625 0.5783308931185944 0.3876953125 0.5768667642752562 0.3671875 0.5812591508052709 0.345703125 0.5797950219619327 0.3154296875 0.5841874084919473 0.248046875 0.5841874084919473 0.244140625 0.5871156661786238 0.2412109375 0.582723279648609 0.2412109375 0.575402635431918 0.2333984375 0.5739385065885798 0.23046875 0.5768667642752562 0.228515625 0.5841874084919473 0.216796875 0.5885797950219619 0.169921875 0.5885797950219619 0.154296875 0.5915080527086384 0.1240234375 0.5900439238653001 0.109375 0.5929721815519766 0.0791015625 0.5929721815519766 0.0732421875 0.5885797950219619 0.0634765625 0.5885797950219619 0.0556640625 0.5812591508052709 0.0849609375 0.5768667642752562 0.15234375 0.5768667642752562 0.166015625 0.5739385065885798 0.2109375 0.5724743777452416 0.2451171875 0.5739385065885798 0.26953125 0.5695461200585652 0.2998046875 0.5710102489019033 0.32421875 0.568081991215227 0.3935546875 0.568081991215227 0.4287109375 0.5651537335285505 0.435546875 0.5578330893118595 0.4521484375 0.5636896046852123 0.470703125 0.5636896046852123 0.564453125 0.5578330893118595 0.5908203125 0.5592972181551976 0.603515625 0.5563689604685212 0.689453125 0.554904831625183
1 0.9111328125 0.7408491947291361 0.9111328125 0.7452415812591509 0.908203125 0.746705710102489 0.8955078125 0.7379209370424598 0.8681640625 0.7437774524158126 0.8662109375 0.7423133235724744 0.8662109375 0.7349926793557833 0.869140625 0.7291361639824304 0.8740234375 0.7306002928257687 0.8857421875 0.726207906295754 0.9033203125 0.726207906295754 0.91796875 0.7203513909224012 0.9423828125 0.7144948755490483 0.9541015625 0.7144948755490483 0.95703125 0.7115666178623719 0.994140625 0.7027818448023426 0.9990234375 0.7027818448023426 0.9990234375 0.7115666178623719 0.9619140625 0.7218155197657394 0.9609375 0.7232796486090776 0.96484375 0.7291361639824304 0.9638671875 0.7335285505124451 0.947265625 0.7335285505124451 0.9423828125 0.7306002928257687 0.939453125 0.7379209370424598 0.931640625 0.7408491947291361 0.9267578125 0.7349926793557833 0.919921875 0.7320644216691069 0.9091796875 0.7349926793557833 0.908203125 0.7379209370424598 0.91015625 0.7408491947291361
1 0.4150390625 0.2986822840409956 0.419921875 0.30161054172767204 0.4365234375 0.3001464128843338 0.44140625 0.30307467057101023 0.439453125 0.30600292825768666 0.4345703125 0.30453879941434847 0.431640625 0.3001464128843338 0.4306640625 0.30307467057101023 0.423828125 0.30600292825768666 0.392578125 0.30307467057101023 0.3984375 0.30307467057101023 0.40234375 0.2957540263543192 0.40625 0.29428989751098095 0.4140625 0.2986822840409956
1 0.5869140625 0.4011713030746706 0.6064453125 0.40702781844802344 0.62890625 0.404099560761347 0.6357421875 0.40702781844802344 0.66796875 0.40702781844802344 0.6806640625 0.4128843338213763 0.7001953125 0.40995607613469986 0.7783203125 0.4143484626647145 0.783203125 0.4172767203513909 0.7841796875 0.4216691068814056 0.7822265625 0.424597364568082 0.75390625 0.4216691068814056 0.751953125 0.41874084919472915 0.7158203125 0.42020497803806733 0.7060546875 0.4172767203513909 0.69921875 0.42020497803806733 0.6884765625 0.4158125915080527 0.6708984375 0.4172767203513909 0.6513671875 0.4158125915080527 0.6484375 0.4128843338213763 0.62109375 0.4143484626647145 0.619140625 0.41142020497803805 0.611328125 0.4143484626647145 0.60546875 0.40995607613469986 0.5908203125 0.4128843338213763 0.5703125 0.40995607613469986 0.5595703125 0.404099560761347 0.5859375 0.4011713030746706
1 0.7451171875 0.616398243045388 0.7470703125 0.6193265007320644 0.7421875 0.6266471449487555 0.68359375 0.6310395314787701 0.6611328125 0.6354319180087847 0.650390625 0.6339677891654466 0.640625 0.6383601756954612 0.6005859375 0.6398243045387995 0.5849609375 0.6442166910688141 0.5556640625 0.6442166910688141 0.5498046875 0.6471449487554904 0.505859375 0.6515373352855052 0.494140625 0.6515373352855052 0.486328125 0.6471449487554904 0.48046875 0.6544655929721815 0.4482421875 0.6544655929721815 0.4453125 0.657393850658858 0.4208984375 0.657393850658858 0.4111328125 0.6603221083455344 0.3994140625 0.6603221083455344 0.39453125 0.6559297218155198 0.396484375 0.6500732064421669 0.439453125 0.6427525622254758 0.494140625 0.6412884333821376 0.5087890625 0.6383601756954612 0.53125 0.6398243045387995 0.564453125 0.6325036603221084 0.626953125 0.6295754026354319 0.6455078125 0.623718887262079 0.671875 0.6222547584187409 0.677734375 0.6193265007320644 0.744140625 0.616398243045388
1 0.4794921875 0.7159590043923866 0.5224609375 0.7115666178623719 0.5390625 0.705710102489019 0.5703125 0.705710102489019 0.6318359375 0.6954612005856515 0.63671875 0.6925329428989752 0.66015625 0.6910688140556369 0.6806640625 0.6852122986822841 0.7314453125 0.6793557833089312 0.7392578125 0.6808199121522694 0.73828125 0.6852122986822841 0.734375 0.6866764275256223 0.701171875 0.6910688140556369 0.6572265625 0.7027818448023426 0.6435546875 0.6998535871156661 0.6337890625 0.7042459736456809 0.5771484375 0.7101024890190337 0.5703125 0.7130307467057101 0.560546875 0.7115666178623719 0.5498046875 0.7174231332357247 0.5322265625 0.7174231332357247 0.49609375 0.7247437774524158 0.4775390625 0.7232796486090776 0.4716796875 0.7276720351390923 0.45703125 0.7306002928257687 0.4375 0.7291361639824304 0.4326171875 0.7335285505124451 0.421875 0.7364568081991215 0.3994140625 0.7364568081991215 0.3779296875 0.7437774524158126 0.3662109375 0.7437774524158126 0.3447265625 0.7496339677891655 0.33203125 0.7481698389458272 0.3330078125 0.7408491947291361 0.33984375 0.7379209370424598 0.3798828125 0.7335285505124451 0.3857421875 0.7306002928257687 0.4013671875 0.7306002928257687 0.4267578125 0.7232796486090776 0.4462890625 0.7247437774524158 0.453125 0.7203513909224012 0.478515625 0.7159590043923866
1 0.73828125 0.677891654465593 0.7392578125 0.6837481698389458 0.734375 0.6881405563689604 0.69921875 0.6925329428989752 0.6513671875 0.705710102489019 0.6435546875 0.7027818448023426 0.6416015625 0.7071742313323572 0.619140625 0.705710102489019 0.5986328125 0.7086383601756955 0.5693359375 0.7130307467057101 0.5654296875 0.7144948755490483 0.5634765625 0.718887262079063 0.5185546875 0.7203513909224012 0.4873046875 0.7291361639824304 0.4775390625 0.726207906295754 0.4736328125 0.7306002928257687 0.44140625 0.7320644216691069 0.4326171875 0.7364568081991215 0.4052734375 0.7379209370424598 0.3857421875 0.7437774524158126 0.3642578125 0.7452415812591509 0.328125 0.7525622254758418 0.283203125 0.7584187408491947 0.2724609375 0.7569546120058566 0.2626953125 0.7613469985358712 0.23828125 0.7657393850658858 0.21484375 0.7657393850658858 0.201171875 0.7701317715959004 0.166015625 0.7730600292825769 0.1396484375 0.7789165446559297 0.107421875 0.780380673499268 0.0947265625 0.7862371888726208 0.08203125 0.7847730600292826 0.0791015625 0.787701317715959 0.07421875 0.787701317715959 0.07421875 0.7759882869692533 0.083984375 0.7715959004392386 0.0908203125 0.7730600292825769 0.134765625 0.7642752562225475 0.1494140625 0.7642752562225475 0.177734375 0.7569546120058566 0.2041015625 0.7569546120058566 0.224609375 0.7510980966325037 0.259765625 0.7496339677891655 0.3046875 0.7408491947291361 0.3310546875 0.7408491947291361 0.3388671875 0.7364568081991215 0.400390625 0.7291361639824304 0.41796875 0.726207906295754 0.421875 0.7232796486090776 0.4462890625 0.7232796486090776 0.4482421875 0.7203513909224012 0.46484375 0.7159590043923866 0.513671875 0.7115666178623719 0.5341796875 0.705710102489019 0.5849609375 0.7027818448023426 0.59765625 0.698389458272328 0.6123046875 0.698389458272328 0.634765625 0.6925329428989752 0.671875 0.6881405563689604 0.6767578125 0.6852122986822841 0.7373046875 0.677891654465593
1 0.6162109375 0.48462664714494874 0.6103515625 0.4904831625183016 0.6083984375 0.4904831625183016 0.609375 0.486090775988287 0.615234375 0.48462664714494874
1 0.3798828125 0.383601756954612 0.4267578125 0.38945827232796487 0.4638671875 0.38945827232796487 0.4931640625 0.3938506588579795 0.5048828125 0.3923865300146413 0.5126953125 0.3953147877013177 0.5439453125 0.3967789165446559 0.5498046875 0.39970717423133234 0.587890625 0.39970717423133234 0.6142578125 0.404099560761347 0.63671875 0.40263543191800877 0.6669921875 0.40702781844802344 0.7314453125 0.4084919472913616 0.7939453125 0.4143484626647145 0.7998046875 0.4172767203513909 0.8173828125 0.4143484626647145 0.8525390625 0.42020497803806733 0.853515625 0.4216691068814056 0.8505859375 0.4289897510980966 0.8095703125 0.4260614934114202 0.8056640625 0.424597364568082 0.806640625 0.4216691068814056 0.8046875 0.41874084919472915 0.802734375 0.41874084919472915 0.802734375 0.424597364568082 0.7998046875 0.4260614934114202 0.7744140625 0.4260614934114202 0.7607421875 0.4216691068814056 0.7265625 0.4216691068814056 0.72265625 0.4260614934114202 0.71484375 0.42020497803806733 0.6923828125 0.4216691068814056 0.6884765625 0.41874084919472915 0.63671875 0.41874084919472915 0.6044921875 0.4158125915080527 0.6015625 0.4128843338213763 0.5927734375 0.4158125915080527 0.5712890625 0.4158125915080527 0.556640625 0.4084919472913616 0.548828125 0.41142020497803805 0.41796875 0.4011713030746706 0.404296875 0.404099560761347 0.380859375 0.39970717423133234 0.3662109375 0.4011713030746706 0.359375 0.3967789165446559 0.3583984375 0.38653001464128844 0.3603515625 0.383601756954612 0.37890625 0.383601756954612
1 0.7265625 0.7701317715959004 0.7265625 0.7730600292825769 0.7216796875 0.7789165446559297 0.6962890625 0.787701317715959 0.689453125 0.7862371888726208 0.685546875 0.7891654465592972 0.6572265625 0.7950219619326501 0.654296875 0.7979502196193266 0.642578125 0.7964860907759883 0.6376953125 0.8008784773060029 0.62890625 0.8008784773060029 0.625 0.8038067349926794 0.595703125 0.8067349926793558 0.5625 0.8155197657393851 0.5595703125 0.8199121522693997 0.552734375 0.8169838945827232 0.55078125 0.8199121522693997 0.5458984375 0.8184480234260615 0.54296875 0.821376281112738 0.533203125 0.821376281112738 0.5244140625 0.8257686676427526 0.5029296875 0.8257686676427526 0.498046875 0.8330893118594437 0.4658203125 0.8389458272327965 0.462890625 0.8433382137628112 0.46484375 0.8535871156661786 0.462890625 0.8638360175695461 0.455078125 0.862371888726208 0.453125 0.8535871156661786 0.458984375 0.8477306002928258 0.4560546875 0.8404099560761347 0.421875 0.8521229868228404 0.4150390625 0.8506588579795022 0.4072265625 0.8448023426061494 0.388671875 0.8579795021961932 0.3447265625 0.8638360175695461 0.2998046875 0.8784773060029283 0.2958984375 0.8755490483162518 0.29296875 0.8814055636896047 0.2880859375 0.8784773060029283 0.2802734375 0.8828696925329429 0.2412109375 0.8872620790629575 0.224609375 0.8931185944363104 0.2060546875 0.8931185944363104 0.1953125 0.8989751098096632 0.185546875 0.8989751098096632 0.1748046875 0.9033674963396779 0.1572265625 0.9019033674963397 0.154296875 0.9048316251830161 0.150390625 0.9019033674963397 0.1416015625 0.9077598828696926 0.1123046875 0.9106881405563689 0.109375 0.9136163982430454 0.1025390625 0.9121522693997072 0.099609375 0.9165446559297218 0.091796875 0.9121522693997072 0.0908203125 0.9077598828696926 0.09375 0.9033674963396779 0.1044921875 0.9004392386530015 0.1396484375 0.8960468521229868 0.14453125 0.8931185944363104 0.1630859375 0.8931185944363104 0.1748046875 0.8887262079062958 0.2060546875 0.8857979502196194 0.2119140625 0.8828696925329429 0.2509765625 0.8814055636896047 0.2646484375 0.8755490483162518 0.2724609375 0.8755490483162518 0.2822265625 0.8696925329428989 0.29296875 0.8696925329428989 0.3017578125 0.8653001464128843 0.3271484375 0.8609077598828697 0.3447265625 0.8535871156661786 0.365234375 0.8521229868228404 0.373046875 0.8477306002928258 0.396484375 0.8433382137628112 0.4072265625 0.8448023426061494 0.41015625 0.8418740849194729 0.4345703125 0.8374816983894583 0.443359375 0.8330893118594437 0.45703125 0.8330893118594437 0.478515625 0.8272327964860908 0.505859375 0.8169838945827232 0.5380859375 0.8140556368960469 0.5439453125 0.8096632503660323 0.5517578125 0.8096632503660323 0.58203125 0.7994143484626647 0.599609375 0.7994143484626647 0.62109375 0.7935578330893118 0.630859375 0.7935578330893118 0.6376953125 0.7891654465592972 0.6474609375 0.7891654465592972 0.6796875 0.7789165446559297 0.712890625 0.7745241581259151 0.7255859375 0.7701317715959004
1 0.396484375 0.38653001464128844 0.3994140625 0.38945827232796487 0.4072265625 0.38799414348462663 0.494140625 0.3953147877013177 0.5029296875 0.3938506588579795 0.5048828125 0.3967789165446559 0.5185546875 0.39824304538799415 0.533203125 0.3967789165446559 0.537109375 0.39970717423133234 0.5498046875 0.4011713030746706 0.54296875 0.40702781844802344 0.525390625 0.40702781844802344 0.51953125 0.40263543191800877 0.5009765625 0.404099560761347 0.498046875 0.39970717423133234 0.4833984375 0.39970717423133234 0.484375 0.3967789165446559 0.48046875 0.3938506588579795 0.4736328125 0.3938506588579795 0.470703125 0.3967789165446559 0.4794921875 0.4011713030746706 0.46875 0.404099560761347 0.4462890625 0.39970717423133234 0.44140625 0.4011713030746706 0.4384765625 0.39824304538799415 0.427734375 0.39970717423133234 0.4248046875 0.3967789165446559 0.4150390625 0.3967789165446559 0.4111328125 0.39970717423133234 0.4033203125 0.39970717423133234 0.400390625 0.3967789165446559 0.37890625 0.3967789165446559 0.3642578125 0.39092240117130306 0.365234375 0.38653001464128844 0.3955078125 0.38653001464128844
1 0.404296875 0.4773060029282577 0.423828125 0.4802342606149341 0.4736328125 0.4773060029282577 0.4970703125 0.4802342606149341 0.705078125 0.4802342606149341 0.7392578125 0.48316251830161056 0.7646484375 0.48316251830161056 0.7685546875 0.4802342606149341 0.7861328125 0.48316251830161056 0.796875 0.4802342606149341 0.82421875 0.4802342606149341 0.8291015625 0.48316251830161056 0.8408203125 0.48316251830161056 0.8447265625 0.486090775988287 0.845703125 0.49194729136163984 0.8388671875 0.49633967789165445 0.8134765625 0.49633967789165445 0.810546875 0.493411420204978 0.7958984375 0.49633967789165445 0.7802734375 0.49194729136163984 0.748046875 0.49633967789165445 0.7412109375 0.49194729136163984 0.7275390625 0.49633967789165445 0.708984375 0.49633967789165445 0.703125 0.49194729136163984 0.697265625 0.49633967789165445 0.66796875 0.49194729136163984 0.658203125 0.49487554904831627 0.630859375 0.49194729136163984 0.623046875 0.49194729136163984 0.619140625 0.49487554904831627 0.5078125 0.49194729136163984 0.505859375 0.49487554904831627 0.5068359375 0.5051244509516838 0.501953125 0.5095168374816984 0.4921875 0.5080527086383602 0.4921875 0.5021961932650073 0.5009765625 0.5021961932650073 0.5029296875 0.4978038067349927 0.49609375 0.49194729136163984 0.4912109375 0.49487554904831627 0.4658203125 0.49194729136163984 0.462890625 0.49487554904831627 0.4609375 0.49194729136163984 0.4482421875 0.49194729136163984 0.4453125 0.4890190336749634 0.4384765625 0.49194729136163984 0.3544921875 0.4904831625183016 0.3583984375 0.4787701317715959 0.361328125 0.4773060029282577 0.4033203125 0.4773060029282577
1 0.5712890625 0.4816983894582723 0.57421875 0.48462664714494874 0.5595703125 0.486090775988287 0.5576171875 0.4904831625183016 0.54296875 0.4904831625183016 0.5390625 0.486090775988287 0.5361328125 0.48755490483162517 0.53515625 0.48462664714494874 0.537109375 0.48316251830161056 0.5634765625 0.48462664714494874 0.5703125 0.4816983894582723