1 0.69140625 0.7994143484626647 0.705078125 0.8023426061493412 0.716796875 0.828696925329429 0.720703125 0.8477306002928258 0.7236328125 0.8506588579795022 0.7353515625 0.8828696925329429 0.7412109375 0.9121522693997072 0.744140625 0.9150805270863837 0.75390625 0.9385065885797951 0.7548828125 0.9531478770131772 0.75390625 0.9619326500732065 0.7509765625 0.9663250366032211 0.69140625 0.9619326500732065 0.658203125 0.9648609077598829 0.36328125 0.9633967789165446 0.353515625 0.95900439238653 0.3486328125 0.9458272327964861 0.34375 0.9458272327964861 0.3408203125 0.9516837481698389 0.337890625 0.9516837481698389 0.3310546875 0.95900439238653 0.3271484375 0.9575402635431918 0.310546875 0.9633967789165446 0.3037109375 0.9604685212298683 0.208984375 0.9633967789165446 0.2041015625 0.9604685212298683 0.193359375 0.9619326500732065 0.1845703125 0.95900439238653 0.158203125 0.9633967789165446 0.1416015625 0.95900439238653 0.119140625 0.95900439238653 0.1142578125 0.9619326500732065 0.0712890625 0.9604685212298683 0.048828125 0.9633967789165446 0.037109375 0.9604685212298683 0.025390625 0.9633967789165446 0 0.9633967789165446 0 0.9326500732064422 0.005859375 0.9326500732064422 0.0087890625 0.9297218155197657 0.015625 0.931185944363104 0.02734375 0.9253294289897511 0.0361328125 0.9297218155197657 0.0498046875 0.9297218155197657 0.0537109375 0.9326500732064422 0.060546875 0.9326500732064422 0.0625 0.9282576866764275 0.0849609375 0.9282576866764275 0.1005859375 0.9341142020497804 0.109375 0.9282576866764275 0.123046875 0.9253294289897511 0.12890625 0.9326500732064422 0.1328125 0.931185944363104 0.1357421875 0.9341142020497804 0.1435546875 0.9341142020497804 0.15234375 0.9297218155197657 0.185546875 0.9326500732064422 0.189453125 0.9326500732064422 0.19140625 0.9297218155197657 0.2080078125 0.9326500732064422 0.232421875 0.931185944363104 0.240234375 0.9341142020497804 0.26171875 0.9297218155197657 0.3642578125 0.9297218155197657 0.3837890625 0.9326500732064422 0.3974609375 0.9253294289897511 0.40625 0.9282576866764275 0.4228515625 0.9267935578330894 0.4287109375 0.9297218155197657 0.44921875 0.9282576866764275 0.451171875 0.931185944363104 0.4912109375 0.9282576866764275 0.4990234375 0.931185944363104 0.5458984375 0.9326500732064422 0.6044921875 0.9326500732064422 0.623046875 0.9267935578330894 0.626953125 0.9326500732064422 0.6318359375 0.9297218155197657 0.6357421875 0.9224011713030746 0.634765625 0.91800878477306 0.6376953125 0.9136163982430454 0.6357421875 0.9019033674963397 0.638671875 0.8916544655929722 0.63671875 0.8857979502196194 0.63671875 0.8784773060029283 0.638671875 0.8755490483162518 0.63671875 0.8711566617862372 0.6298828125 0.8638360175695461 0.619140625 0.862371888726208 0.6171875 0.8550512445095169 0.6201171875 0.8345534407027818 0.6201171875 0.8272327964860908 0.6181640625 0.8243045387994143 0.626953125 0.8184480234260615 0.63671875 0.8228404099560761 0.640625 0.8345534407027818 0.642578125 0.8653001464128843 0.640625 0.8726207906295754 0.650390625 0.8857979502196194 0.6513671875 0.8945827232796486 0.6552734375 0.9033674963396779 0.6552734375 0.9136163982430454 0.6640625 0.9297218155197657 0.6689453125 0.9282576866764275 0.67578125 0.931185944363104 0.685546875 0.9253294289897511 0.6923828125 0.9106881405563689 0.6953125 0.8667642752562226 0.689453125 0.8579795021961932 0.67578125 0.8550512445095169 0.6708984375 0.8506588579795022 0.669921875 0.8272327964860908 0.66796875 0.8199121522693997 0.6689453125 0.8096632503660323 0.6728515625 0.8023426061493412 0.6904296875 0.7994143484626647
1 0.9267578125 0.2913616398243045 0.9326171875 0.2957540263543192 0.9345703125 0.30453879941434847 0.9306640625 0.31332357247437775 0.935546875 0.31771595900439237 0.9541015625 0.3191800878477306 0.9775390625 0.31478770131771594 0.9990234375 0.3191800878477306 0.9990234375 0.3528550512445095 0.966796875 0.3557833089311859 0.953125 0.35431918008784774 0.9462890625 0.35724743777452417 0.935546875 0.35431918008784774 0.87890625 0.35724743777452417 0.873046875 0.3528550512445095 0.85546875 0.34992679355783307 0.8505859375 0.3440702781844802 0.8544921875 0.3367496339677892 0.8544921875 0.3308931185944363 0.8583984375 0.32650073206442165 0.8623046875 0.3294289897510981 0.865234375 0.3396778916544656 0.869140625 0.3396778916544656 0.8740234375 0.33382137628111275 0.8779296875 0.3235724743777452 0.8828125 0.3191800878477306 0.888671875 0.3191800878477306 0.896484375 0.31478770131771594 0.904296875 0.29282576866764276 0.92578125 0.2913616398243045
1 0.8623046875 0.2781844802342606 0.8662109375 0.29282576866764276 0.86328125 0.2986822840409956 0.8623046875 0.3103953147877013 0.8603515625 0.3089311859443631 0.8603515625 0.30307467057101023 0.857421875 0.30307467057101023 0.857421875 0.3191800878477306 0.869140625 0.3235724743777452 0.873046875 0.3294289897510981 0.8740234375 0.3235724743777452 0.8974609375 0.3162518301610542 0.9013671875 0.3074670571010249 0.90234375 0.2972181551976574 0.904296875 0.29428989751098095 0.9130859375 0.29282576866764276 0.9296875 0.29282576866764276 0.93359375 0.30307467057101023 0.9287109375 0.3162518301610542 0.9306640625 0.3191800878477306 0.9384765625 0.31771595900439237 0.9560546875 0.3206442166910688 0.966796875 0.3162518301610542 0.9833984375 0.3206442166910688 0.9951171875 0.3191800878477306 0.9990234375 0.32210834553440704 0.9990234375 0.3528550512445095 0.9931640625 0.35871156661786235 0.9951171875 0.3689604685212299 0.9931640625 0.37774524158125916 0.994140625 0.3821376281112738 0.98828125 0.40702781844802344 0.9873046875 0.424597364568082 0.986328125 0.4216691068814056 0.982421875 0.4216691068814056 0.98046875 0.4260614934114202 0.9755859375 0.4289897510980966 0.9560546875 0.424597364568082 0.947265625 0.4333821376281113 0.9462890625 0.44363103953147875 0.9423828125 0.4465592972181552 0.9375 0.445095168374817 0.9375 0.4333821376281113 0.935546875 0.43045387994143486 0.9111328125 0.4289897510980966 0.904296875 0.45241581259150804 0.8974609375 0.4612005856515373 0.8955078125 0.47584187408491946 0.8974609375 0.4802342606149341 0.8974609375 0.49487554904831627 0.8935546875 0.5007320644216691 0.8974609375 0.5109809663250366 0.892578125 0.5344070278184481 0.892578125 0.5461200585651538 0.8955078125 0.5505124450951684 0.982421875 0.5519765739385066 0.994140625 0.5490483162518301 0.9990234375 0.5519765739385066 0.9990234375 0.5783308931185944 0.9912109375 0.5841874084919473 0.994140625 0.5871156661786238 0.990234375 0.5900439238653001 0.9873046875 0.5885797950219619 0.984375 0.5944363103953147 0.986328125 0.5973645680819912 0.990234375 0.595900439238653 0.990234375 0.6032210834553441 0.984375 0.6032210834553441 0.98046875 0.595900439238653 0.9775390625 0.6002928257686676 0.9697265625 0.6017569546120058 0.96484375 0.5929721815519766 0.958984375 0.5929721815519766 0.958984375 0.6017569546120058 0.9560546875 0.6032210834553441 0.9560546875 0.595900439238653 0.9541015625 0.5929721815519766 0.943359375 0.5944363103953147 0.9453125 0.5973645680819912 0.9453125 0.6032210834553441 0.951171875 0.6076134699853587 0.9482421875 0.616398243045388 0.9560546875 0.6412884333821376 0.95703125 0.6295754026354319 0.962890625 0.6178623718887262 0.9609375 0.6120058565153733 0.9619140625 0.6090775988286969 0.96484375 0.6090775988286969 0.9658203125 0.6149341142020498 0.970703125 0.6120058565153733 0.9716796875 0.6149341142020498 0.96875 0.6178623718887262 0.970703125 0.6222547584187409 0.9765625 0.6178623718887262 0.978515625 0.6222547584187409 0.9755859375 0.6281112737920937 0.9775390625 0.6310395314787701 0.984375 0.6281112737920937 0.9853515625 0.6398243045387995 0.9775390625 0.6427525622254758 0.9814453125 0.6471449487554904 0.96875 0.6456808199121523 0.962890625 0.6500732064421669 0.9560546875 0.6427525622254758 0.953125 0.6471449487554904 0.9423828125 0.6500732064421669 0.9423828125 0.6588579795021962 0.9326171875 0.677891654465593 0.931640625 0.6881405563689604 0.93359375 0.7203513909224012 0.931640625 0.7306002928257687 0.927734375 0.7306002928257687 0.9296875 0.7320644216691069 0.9306640625 0.746705710102489 0.9287109375 0.7510980966325037 0.9326171875 0.7540263543191801 0.990234375 0.7540263543191801 0.994140625 0.7510980966325037 0.99609375 0.7540263543191801 0.9970703125 0.7789165446559297 0.9990234375 0.780380673499268 0.9990234375 0.7979502196193266 0.974609375 0.8023426061493412 0.9736328125 0.8067349926793558 0.9755859375 0.8125915080527086 0.9736328125 0.8169838945827232 0.9765625 0.8199121522693997 0.974609375 0.8243045387994143 0.9521484375 0.821376281112738 0.9482421875 0.8272327964860908 0.9453125 0.8272327964860908 0.9375 0.8169838945827232 0.9345703125 0.8169838945827232 0.931640625 0.808199121522694 0.927734375 0.808199121522694 0.92578125 0.8140556368960469 0.919921875 0.8140556368960469 0.91796875 0.8169838945827232 0.9140625 0.8155197657393851 0.912109375 0.8243045387994143 0.904296875 0.8169838945827232 0.890625 0.8155197657393851 0.88671875 0.8199121522693997 0.8857421875 0.8316251830161054 0.8837890625 0.8345534407027818 0.8818359375 0.8257686676427526 0.8779296875 0.821376281112738 0.8623046875 0.8184480234260615 0.8564453125 0.828696925329429 0.85546875 0.8345534407027818 0.849609375 0.8418740849194729 0.849609375 0.8477306002928258 0.845703125 0.8550512445095169 0.8466796875 0.8799414348462665 0.84375 0.8828696925329429 0.845703125 0.8931185944363104 0.8427734375 0.8960468521229868 0.8427734375 0.9106881405563689 0.8388671875 0.9209370424597365 0.8427734375 0.9297218155197657 0.84375 0.9399707174231332 0.8515625 0.9443631039531479 0.8701171875 0.9414348462664714 0.8876953125 0.9428989751098097 0.9072265625 0.9399707174231332 0.9306640625 0.9414348462664714 0.9375 0.9385065885797951 0.9658203125 0.9385065885797951 0.9697265625 0.9370424597364568 0.9716796875 0.9326500732064422 0.9765625 0.8872620790629575 0.98046875 0.8799414348462665 0.98828125 0.8726207906295754 0.9931640625 0.8755490483162518 0.9951171875 0.8799414348462665 0.9951171875 0.8945827232796486 0.982421875 0.9575402635431918 0.9775390625 0.9619326500732065 0.96484375 0.9633967789165446 0.8974609375 0.9663250366032211 0.873046875 0.9648609077598829 0.802734375 0.9692532942898975 0.79296875 0.9663250366032211 0.791015625 0.9633967789165446 0.7861328125 0.9502196193265008 0.787109375 0.9443631039531479 0.78515625 0.9428989751098097 0.78515625 0.9370424597364568 0.7822265625 0.9341142020497804 0.7822265625 0.9238653001464129 0.7861328125 0.9209370424597365 0.78125 0.91800878477306 0.78515625 0.9150805270863837 0.7822265625 0.9077598828696926 0.78515625 0.8975109809663251 0.7900390625 0.8960468521229868 0.7919921875 0.8989751098096632 0.8017578125 0.9004392386530015 0.7998046875 0.9194729136163983 0.802734375 0.9355783308931186 0.8056640625 0.9399707174231332 0.8095703125 0.9428989751098097 0.8203125 0.9399707174231332 0.82421875 0.9194729136163983 0.8232421875 0.9004392386530015 0.826171875 0.8828696925329429 0.830078125 0.8755490483162518 0.8291015625 0.8535871156661786 0.82421875 0.8448023426061494 0.8251953125 0.8316251830161054 0.8212890625 0.8243045387994143 0.8134765625 0.8199121522693997 0.802734375 0.8199121522693997 0.7998046875 0.8316251830161054 0.7958984375 0.8345534407027818 0.796875 0.8404099560761347 0.7919921875 0.8448023426061494 0.794921875 0.8477306002928258 0.7939453125 0.849194729136164 0.7900390625 0.8506588579795022 0.787109375 0.8418740849194729 0.791015625 0.8345534407027818 0.791015625 0.8257686676427526 0.7978515625 0.8023426061493412 0.796875 0.7935578330893118 0.7998046875 0.7891654465592972 0.794921875 0.7789165446559297 0.80078125 0.7686676427525623 0.806640625 0.7101024890190337 0.810546875 0.705710102489019 0.8125 0.7115666178623719 0.81640625 0.7130307467057101 0.8193359375 0.726207906295754 0.8193359375 0.7306002928257687 0.81640625 0.7349926793557833 0.8203125 0.7408491947291361 0.8212890625 0.7496339677891655 0.8251953125 0.7554904831625183 0.837890625 0.7584187408491947 0.8623046875 0.7569546120058566 0.8779296875 0.7525622254758418 0.87890625 0.7379209370424598 0.8818359375 0.7276720351390923 0.888671875 0.726207906295754 0.8916015625 0.7174231332357247 0.8896484375 0.7144948755490483 0.8857421875 0.7159590043923866 0.884765625 0.7130307467057101 0.888671875 0.698389458272328 0.888671875 0.6881405563689604 0.8828125 0.6793557833089312 0.8828125 0.6734992679355783 0.8857421875 0.6676427525622255 0.8828125 0.6588579795021962 0.876953125 0.6530014641288433 0.8671875 0.6500732064421669 0.8583984375 0.6515373352855052 0.8515625 0.657393850658858 0.8505859375 0.6603221083455344 0.8525390625 0.664714494875549 0.8486328125 0.6691068814055637 0.8486328125 0.6617862371888726 0.845703125 0.6559297218155198 0.830078125 0.6500732064421669 0.8232421875 0.6544655929721815 0.822265625 0.6603221083455344 0.8173828125 0.664714494875549 0.814453125 0.6749633967789166 0.8125 0.6720351390922401 0.8125 0.6632503660322109 0.80859375 0.6603221083455344 0.8125 0.6530014641288433 0.8125 0.6442166910688141 0.8154296875 0.636896046852123 0.814453125 0.6222547584187409 0.818359375 0.6090775988286969 0.8154296875 0.5973645680819912 0.8193359375 0.5768667642752562 0.81640625 0.575402635431918 0.81640625 0.5724743777452416 0.8212890625 0.5739385065885798 0.8291015625 0.5710102489019033 0.822265625 0.5534407027818448 0.828125 0.5329428989751098 0.828125 0.5197657393850659 0.8310546875 0.5051244509516838 0.8330078125 0.5021961932650073 0.841796875 0.5021961932650073 0.84375 0.513909224011713 0.8505859375 0.5183016105417276 0.8505859375 0.5226939970717424 0.8583984375 0.541727672035139 0.8662109375 0.5387994143484627 0.86328125 0.541727672035139 0.8642578125 0.5446559297218155 0.8720703125 0.5431918008784773 0.8740234375 0.5402635431918009 0.8740234375 0.5285505124450952 0.8779296875 0.5226939970717424 0.8818359375 0.493411420204978 0.8857421875 0.48755490483162517 0.8857421875 0.4802342606149341 0.888671875 0.4743777452415813 0.888671875 0.4670571010248902 0.880859375 0.4568081991215227 0.8818359375 0.43484626647144947 0.8740234375 0.4289897510980966 0.8603515625 0.42752562225475843 0.853515625 0.43484626647144947 0.8525390625 0.445095168374817 0.849609375 0.45241581259150804 0.8427734375 0.4582723279648609 0.841796875 0.4743777452415813 0.8369140625 0.4773060029282577 0.8388671875 0.48316251830161056 0.8369140625 0.493411420204978 0.8349609375 0.49487554904831627 0.8310546875 0.4904831625183016 0.8330078125 0.4816983894582723 0.8330078125 0.4670571010248902 0.837890625 0.46412884333821375 0.8408203125 0.4582723279648609 0.8310546875 0.4465592972181552 0.8349609375 0.43923865300146414 0.8349609375 0.4333821376281113 0.837890625 0.43191800878477304 0.83984375 0.4260614934114202 0.837890625 0.4216691068814056 0.8359375 0.4260614934114202 0.83203125 0.424597364568082 0.8349609375 0.4216691068814056 0.833984375 0.4172767203513909 0.837890625 0.4158125915080527 0.8427734375 0.40702781844802344 0.84375 0.39970717423133234 0.84375 0.37920937042459735 0.837890625 0.3718887262079063 0.8349609375 0.37774524158125916 0.833984375 0.3689604685212299 0.8359375 0.36749633967789164 0.837890625 0.3718887262079063 0.8427734375 0.36603221083455345 0.845703125 0.35871156661786235 0.84375 0.35431918008784774 0.84375 0.34553440702781846 0.8505859375 0.3411420204978038 0.8486328125 0.33382137628111275 0.8505859375 0.3323572474377745 0.849609375 0.3235724743777452 0.8544921875 0.3118594436310395 0.8544921875 0.30600292825768666 0.8525390625 0.30307467057101023 0.853515625 0.2972181551976574 0.8515625 0.29428989751098095 0.8447265625 0.3001464128843338 0.8447265625 0.2957540263543192 0.8486328125 0.2869692532942899 0.853515625 0.2869692532942899 0.861328125 0.2796486090775988
1 0.744140625 0.718887262079063 0.7509765625 0.7276720351390923 0.7587890625 0.7437774524158126 0.7587890625 0.7481698389458272 0.7666015625 0.7613469985358712 0.76953125 0.7715959004392386 0.76953125 0.7906295754026355 0.767578125 0.7935578330893118 0.75 0.7964860907759883 0.71484375 0.7935578330893118 0.638671875 0.7950219619326501 0.6328125 0.7920937042459737 0.5673828125 0.7920937042459737 0.5498046875 0.7950219619326501 0.4541015625 0.7935578330893118 0.44921875 0.7920937042459737 0.4453125 0.780380673499268 0.4423828125 0.780380673499268 0.439453125 0.7906295754026355 0.435546875 0.7935578330893118 0.37890625 0.7935578330893118 0.361328125 0.7906295754026355 0.35546875 0.7935578330893118 0.205078125 0.7935578330893118 0.19921875 0.7964860907759883 0.189453125 0.7935578330893118 0.0244140625 0.7964860907759883 0.01953125 0.7935578330893118 0 0.7920937042459737 0 0.7759882869692533 0.001953125 0.7745241581259151 0.00390625 0.7613469985358712 0.1748046875 0.7613469985358712 0.18359375 0.7584187408491947 0.263671875 0.7613469985358712 0.279296875 0.7554904831625183 0.287109375 0.7613469985358712 0.3271484375 0.7584187408491947 0.3369140625 0.7613469985358712 0.435546875 0.7628111273792094 0.4853515625 0.7613469985358712 0.501953125 0.7584187408491947 0.5087890625 0.7540263543191801 0.5126953125 0.7540263543191801 0.513671875 0.7584187408491947 0.5224609375 0.7613469985358712 0.5419921875 0.7613469985358712 0.5537109375 0.7598828696925329 0.556640625 0.7554904831625183 0.556640625 0.7510980966325037 0.564453125 0.7510980966325037 0.5693359375 0.7598828696925329 0.57421875 0.7613469985358712 0.595703125 0.7598828696925329 0.60546875 0.7554904831625183 0.6083984375 0.7598828696925329 0.6884765625 0.7598828696925329 0.6953125 0.7628111273792094 0.7177734375 0.7642752562225475 0.7314453125 0.7628111273792094 0.7392578125 0.7554904831625183 0.7421875 0.746705710102489 0.7431640625 0.7203513909224012
1 0.8046875 0.21669106881405564 0.8173828125 0.22547584187408493 0.8203125 0.21961932650073207 0.818359375 0.21669106881405564 0.8134765625 0.21669106881405564 0.81640625 0.212298682284041 0.8212890625 0.212298682284041 0.822265625 0.22693997071742314 0.8193359375 0.22986822840409957 0.8095703125 0.22986822840409957 0.8125 0.23572474377745242 0.8212890625 0.23718887262079064 0.8203125 0.2547584187408492 0.818359375 0.24743777452415813 0.8125 0.24743777452415813 0.810546875 0.25036603221083453 0.8115234375 0.2547584187408492 0.7998046875 0.25768667642752563 0.7919921875 0.2708638360175695 0.7841796875 0.2708638360175695 0.7841796875 0.2767203513909224 0.7822265625 0.2796486090775988 0.7822265625 0.2708638360175695 0.775390625 0.2635431918008785 0.775390625 0.25329428989751096 0.7841796875 0.2547584187408492 0.7841796875 0.26207906295754024 0.787109375 0.26207906295754024 0.787109375 0.25768667642752563 0.7900390625 0.25768667642752563 0.7939453125 0.25036603221083453 0.8037109375 0.25329428989751096 0.8056640625 0.25036603221083453 0.8046875 0.24890190336749635 0.7978515625 0.24743777452415813 0.79296875 0.2430453879941435 0.7919921875 0.23865300146412885 0.794921875 0.232796486090776 0.7939453125 0.22693997071742314 0.7978515625 0.22547584187408493 0.7998046875 0.21961932650073207 0.8037109375 0.21669106881405564
1 0.4609375 0.16105417276720352 0.53515625 0.16105417276720352 0.5615234375 0.16251830161054173 0.5673828125 0.16544655929721816 0.5869140625 0.16105417276720352 0.609375 0.16105417276720352 0.6123046875 0.16398243045387995 0.619140625 0.16398243045387995 0.6220703125 0.16105417276720352 0.646484375 0.16105417276720352 0.6611328125 0.16544655929721816 0.6728515625 0.16251830161054173 0.6826171875 0.16398243045387995 0.689453125 0.16105417276720352 0.7490234375 0.16398243045387995 0.8115234375 0.16105417276720352 0.8212890625 0.16398243045387995 0.82421875 0.1683748169838946 0.826171875 0.1903367496339678 0.82421875 0.19912152269399708 0.80859375 0.2020497803806735 0.7255859375 0.2020497803806735 0.703125 0.19912152269399708 0.6162109375 0.2020497803806735 0.61328125 0.19912152269399708 0.61328125 0.191800878477306 0.6083984375 0.1903367496339678 0.60546875 0.2020497803806735 0.44921875 0.2005856515373353 0.41796875 0.20351390922401172 0.384765625 0.2005856515373353 0.3095703125 0.2005856515373353 0.3037109375 0.19326500732064422 0.302734375 0.18594436310395315 0.302734375 0.17569546120058566 0.3056640625 0.16691068814055637 0.310546875 0.16398243045387995 0.314453125 0.16691068814055637 0.326171875 0.16251830161054173 0.3466796875 0.16398243045387995 0.4033203125 0.16105417276720352 0.44921875 0.16398243045387995 0.4599609375 0.16105417276720352
1 0.990234375 0.87701317715959 0.994140625 0.87701317715959 0.9951171875 0.8799414348462665 0.9951171875 0.8931185944363104 0.9912109375 0.9062957540263543 0.984375 0.9531478770131772 0.9814453125 0.9604685212298683 0.978515625 0.9619326500732065 0.8017578125 0.9692532942898975 0.7958984375 0.9619326500732065 0.7958984375 0.9560761346998536 0.7880859375 0.9414348462664714 0.7900390625 0.9385065885797951 0.7861328125 0.931185944363104 0.7890625 0.9209370424597365 0.7998046875 0.9224011713030746 0.80078125 0.9385065885797951 0.8076171875 0.9428989751098097 0.8203125 0.9414348462664714 0.822265625 0.9385065885797951 0.82421875 0.9238653001464129 0.837890625 0.9253294289897511 0.84375 0.9414348462664714 0.8515625 0.9443631039531479 0.859375 0.9414348462664714 0.9658203125 0.9385065885797951 0.9716796875 0.9341142020497804 0.97265625 0.9048316251830161 0.98046875 0.8828696925329429 0.9873046875 0.8857979502196194 0.990234375 0.8828696925329429 0.990234375 0.8784773060029283
1 0.84375 0.862371888726208 0.845703125 0.87701317715959 0.83984375 0.8828696925329429 0.8427734375 0.890190336749634 0.8388671875 0.8975109809663251 0.833984375 0.8945827232796486 0.833984375 0.890190336749634 0.837890625 0.8872620790629575 0.837890625 0.8814055636896047 0.8349609375 0.87701317715959 0.83203125 0.8784773060029283 0.8291015625 0.8843338213762811 0.828125 0.9048316251830161 0.830078125 0.9077598828696926 0.8369140625 0.9077598828696926 0.8369140625 0.9136163982430454 0.8427734375 0.9282576866764275 0.84375 0.9385065885797951 0.8525390625 0.9428989751098097 0.87109375 0.9399707174231332 0.90234375 0.9414348462664714 0.931640625 0.9399707174231332 0.9345703125 0.9370424597364568 0.962890625 0.9370424597364568 0.9716796875 0.9209370424597365 0.974609375 0.8887262079062958 0.9794921875 0.8784773060029283 0.986328125 0.8711566617862372 0.994140625 0.8740849194729137 0.9970703125 0.8828696925329429 0.99609375 0.8931185944363104 0.9833984375 0.9560761346998536 0.9775390625 0.9619326500732065 0.8984375 0.9663250366032211 0.8369140625 0.9663250366032211 0.82421875 0.9692532942898975 0.798828125 0.9677891654465594 0.787109375 0.9502196193265008 0.783203125 0.9341142020497804 0.783203125 0.91800878477306 0.78515625 0.9136163982430454 0.783203125 0.9106881405563689 0.7841796875 0.8975109809663251 0.78515625 0.8931185944363104 0.7890625 0.8931185944363104 0.79296875 0.8989751098096632 0.8017578125 0.9004392386530015 0.80078125 0.91800878477306 0.8046875 0.9238653001464129 0.8056640625 0.9341142020497804 0.8173828125 0.9399707174231332 0.8203125 0.931185944363104 0.8193359375 0.9282576866764275 0.82421875 0.91800878477306 0.822265625 0.9106881405563689 0.826171875 0.8828696925329429 0.830078125 0.87701317715959 0.8291015625 0.8682284040995608 0.8310546875 0.8638360175695461 0.8427734375 0.862371888726208
1 0.794921875 0.3762811127379209 0.802734375 0.37774524158125916 0.8056640625 0.38653001464128844 0.8046875 0.41142020497803805 0.7998046875 0.4158125915080527 0.705078125 0.4158125915080527 0.6669921875 0.4143484626647145 0.662109375 0.41142020497803805 0.626953125 0.4158125915080527 0.5927734375 0.4158125915080527 0.5849609375 0.41142020497803805 0.5732421875 0.4158125915080527 0.55078125 0.4158125915080527 0.54296875 0.41142020497803805 0.521484375 0.41142020497803805 0.515625 0.4158125915080527 0.427734375 0.4158125915080527 0.4189453125 0.40995607613469986 0.400390625 0.40995607613469986 0.3974609375 0.4143484626647145 0.3896484375 0.4172767203513909 0.3095703125 0.4143484626647145 0.306640625 0.41142020497803805 0.279296875 0.41142020497803805 0.275390625 0.4158125915080527 0.19140625 0.4143484626647145 0.1826171875 0.41142020497803805 0.16796875 0.41142020497803805 0.1552734375 0.4158125915080527 0.0703125 0.4143484626647145 0.0634765625 0.40995607613469986 0.0419921875 0.40995607613469986 0.03515625 0.4143484626647145 0.00390625 0.4143484626647145 0 0.4128843338213763 0 0.383601756954612 0.0107421875 0.37920937042459735 0.0458984375 0.37774524158125916 0.0546875 0.3806734992679356 0.076171875 0.3806734992679356 0.103515625 0.3762811127379209 0.1064453125 0.37920937042459735 0.1240234375 0.37920937042459735 0.1357421875 0.383601756954612 0.1474609375 0.3821376281112738 0.154296875 0.3850658857979502 0.15625 0.3821376281112738 0.1552734375 0.37920937042459735 0.1640625 0.37774524158125916 0.177734375 0.3821376281112738 0.2353515625 0.37920937042459735 0.244140625 0.383601756954612 0.251953125 0.383601756954612 0.2548828125 0.37920937042459735 0.30859375 0.3806734992679356 0.318359375 0.37774524158125916 0.3447265625 0.37774524158125916 0.35546875 0.37920937042459735 0.3623046875 0.383601756954612 0.3642578125 0.3806734992679356 0.3955078125 0.3762811127379209 0.4169921875 0.3821376281112738 0.44921875 0.37774524158125916 0.48046875 0.3821376281112738 0.4873046875 0.37920937042459735 0.5205078125 0.37920937042459735 0.53125 0.383601756954612 0.53515625 0.3806734992679356 0.5458984375 0.3821376281112738 0.560546875 0.37774524158125916 0.58203125 0.3806734992679356 0.626953125 0.37774524158125916 0.634765625 0.3806734992679356 0.646484375 0.37920937042459735 0.65234375 0.3821376281112738 0.6650390625 0.3821376281112738 0.6787109375 0.37774524158125916 0.74609375 0.37920937042459735 0.7939453125 0.3762811127379209
1 0.8310546875 0.5051244509516838 0.8349609375 0.5036603221083455 0.841796875 0.5080527086383602 0.8486328125 0.5183016105417276 0.84765625 0.5256222547584187 0.8505859375 0.541727672035139 0.86328125 0.5505124450951684 0.875 0.5505124450951684 0.87890625 0.5475841874084919 0.8916015625 0.5475841874084919 0.8984375 0.5505124450951684 0.9990234375 0.5490483162518301 0.9990234375 0.5783308931185944 0.9931640625 0.5812591508052709 0.951171875 0.5797950219619327 0.9013671875 0.582723279648609 0.87890625 0.5797950219619327 0.8466796875 0.582723279648609 0.830078125 0.568081991215227 0.8251953125 0.5563689604685212 0.8310546875 0.5065885797950219
1 0.9990234375 0.5490483162518301 0.9990234375 0.5768667642752562 0.990234375 0.5812591508052709 0.8623046875 0.5797950219619327 0.853515625 0.582723279648609 0.845703125 0.5812591508052709 0.8369140625 0.5739385065885798 0.8310546875 0.5666178623718887 0.8310546875 0.5592972181551976 0.841796875 0.5578330893118595 0.8486328125 0.5636896046852123 0.8544921875 0.5519765739385066 0.8759765625 0.5519765739385066 0.888671875 0.5490483162518301 0.998046875 0.5490483162518301
1 0.6552734375 0.9370424597364568 0.6640625 0.9414348462664714 0.6787109375 0.9370424597364568 0.689453125 0.9370424597364568 0.6923828125 0.9399707174231332 0.7294921875 0.9399707174231332 0.7431640625 0.9282576866764275 0.748046875 0.9282576866764275 0.748046875 0.9341142020497804 0.7509765625 0.9355783308931186 0.75390625 0.9458272327964861 0.75390625 0.9560761346998536 0.7509765625 0.9648609077598829 0.693359375 0.9604685212298683 0.6630859375 0.9604685212298683 0.658203125 0.9633967789165446 0.5361328125 0.9633967789165446 0.5185546875 0.9604685212298683 0.5009765625 0.9633967789165446 0.4912109375 0.9604685212298683 0.462890625 0.9604685212298683 0.4609375 0.9575402635431918 0.4638671875 0.9487554904831625 0.4599609375 0.9458272327964861 0.4619140625 0.9414348462664714 0.48046875 0.9414348462664714 0.48046875 0.9487554904831625 0.484375 0.9502196193265008 0.4873046875 0.9428989751098097 0.5 0.9443631039531479 0.5107421875 0.9399707174231332 0.521484375 0.9428989751098097 0.560546875 0.9399707174231332 0.583984375 0.9428989751098097 0.59375 0.9399707174231332 0.6181640625 0.9399707174231332 0.626953125 0.9428989751098097 0.6298828125 0.9355783308931186 0.642578125 0.9355783308931186 0.646484375 0.9399707174231332 0.654296875 0.9370424597364568
1 0.5244140625 0.6310395314787701 0.5400390625 0.6339677891654466 0.578125 0.6325036603221084 0.595703125 0.636896046852123 0.5966796875 0.6412884333821376 0.603515625 0.6500732064421669 0.6044921875 0.6588579795021962 0.609375 0.664714494875549 0.6142578125 0.6764275256222547 0.615234375 0.6852122986822841 0.6181640625 0.6881405563689604 0.630859375 0.6896046852122987 0.6328125 0.7291361639824304 0.6357421875 0.7364568081991215 0.640625 0.7408491947291361 0.64453125 0.7569546120058566 0.671875 0.7584187408491947 0.67578125 0.7540263543191801 0.673828125 0.7452415812591509 0.6748046875 0.7335285505124451 0.6806640625 0.7306002928257687 0.6923828125 0.7306002928257687 0.6962890625 0.7335285505124451 0.697265625 0.7379209370424598 0.6953125 0.7584187408491947 0.69921875 0.7613469985358712 0.7099609375 0.7598828696925329 0.712890625 0.7554904831625183 0.7236328125 0.7525622254758418 0.7275390625 0.7437774524158126 0.7373046875 0.7379209370424598 0.740234375 0.7291361639824304 0.740234375 0.718887262079063 0.744140625 0.7159590043923866 0.7509765625 0.7247437774524158 0.7587890625 0.7408491947291361 0.76953125 0.7701317715959004 0.76953125 0.7891654465592972 0.767578125 0.7935578330893118 0.744140625 0.7964860907759883 0.716796875 0.7935578330893118 0.6357421875 0.7950219619326501 0.6298828125 0.7920937042459737 0.5625 0.7920937042459737 0.490234375 0.7964860907759883 0.4853515625 0.7935578330893118 0.4541015625 0.7920937042459737 0.4423828125 0.780380673499268 0.4384765625 0.7920937042459737 0.4345703125 0.7935578330893118 0.2841796875 0.7920937042459737 0.2060546875 0.7935578330893118 0.2021484375 0.7964860907759883 0.1953125 0.7964860907759883 0.1845703125 0.7920937042459737 0.1484375 0.7920937042459737 0.142578125 0.7950219619326501 0.0888671875 0.7935578330893118 0.02734375 0.7964860907759883 0 0.7920937042459737 0 0.7730600292825769 0.0029296875 0.7686676427525623 0.0029296875 0.7628111273792094 0 0.7584187408491947 0 0.7423133235724744 0.0029296875 0.746705710102489 0.001953125 0.7510980966325037 0.0068359375 0.7554904831625183 0.009765625 0.7540263543191801 0.0068359375 0.7481698389458272 0.0078125 0.746705710102489 0.0185546875 0.7437774524158126 0.02734375 0.7481698389458272 0.029296875 0.7525622254758418 0.0322265625 0.7423133235724744 0.03515625 0.7408491947291361 0.0380859375 0.7335285505124451 0.0419921875 0.7320644216691069 0.0498046875 0.7349926793557833 0.0537109375 0.7408491947291361 0.056640625 0.739385065885798 0.0615234375 0.7423133235724744 0.0673828125 0.7481698389458272 0.07421875 0.7481698389458272 0.0791015625 0.7423133235724744 0.0810546875 0.7335285505124451 0.091796875 0.7335285505124451 0.0986328125 0.7291361639824304 0.109375 0.7452415812591509 0.125 0.746705710102489 0.1279296875 0.7437774524158126 0.1298828125 0.7320644216691069 0.1416015625 0.7291361639824304 0.15234375 0.7379209370424598 0.15234375 0.7437774524158126 0.1494140625 0.7481698389458272 0.150390625 0.7554904831625183 0.1552734375 0.7540263543191801 0.1591796875 0.7452415812591509 0.162109375 0.746705710102489 0.1640625 0.7540263543191801 0.1689453125 0.7554904831625183 0.1748046875 0.7496339677891655 0.177734375 0.7379209370424598 0.1767578125 0.7335285505124451 0.1826171875 0.7306002928257687 0.1962890625 0.7306002928257687 0.19921875 0.7364568081991215 0.2021484375 0.7569546120058566 0.208984375 0.7554904831625183 0.2197265625 0.7481698389458272 0.2255859375 0.7481698389458272 0.232421875 0.7379209370424598 0.234375 0.7306002928257687 0.2412109375 0.7276720351390923 0.2490234375 0.7291361639824304 0.2509765625 0.7320644216691069 0.2529296875 0.7291361639824304 0.2509765625 0.7247437774524158 0.2412109375 0.7232796486090776 0.2412109375 0.718887262079063 0.2470703125 0.7130307467057101 0.248046875 0.7027818448023426 0.2509765625 0.7086383601756955 0.2578125 0.7086383601756955 0.259765625 0.7159590043923866 0.2626953125 0.7203513909224012 0.265625 0.7203513909224012 0.267578125 0.7159590043923866 0.265625 0.7086383601756955 0.26953125 0.7071742313323572 0.2705078125 0.7027818448023426 0.275390625 0.705710102489019 0.2802734375 0.7042459736456809 0.2880859375 0.6939970717423133 0.2880859375 0.6837481698389458 0.2919921875 0.6705710102489019 0.29296875 0.657393850658858 0.291015625 0.6544655929721815 0.2841796875 0.6544655929721815 0.2861328125 0.6456808199121523 0.2890625 0.6530014641288433 0.291015625 0.6500732064421669 0.2900390625 0.6471449487554904 0.29296875 0.6427525622254758 0.2900390625 0.6398243045387995 0.29296875 0.6383601756954612 0.29296875 0.6442166910688141 0.294921875 0.6471449487554904 0.302734375 0.6471449487554904 0.3134765625 0.6339677891654466 0.322265625 0.6325036603221084 0.3291015625 0.6325036603221084 0.33203125 0.6354319180087847 0.33203125 0.6398243045387995 0.328125 0.6412884333821376 0.326171875 0.6471449487554904 0.3212890625 0.6500732064421669 0.3310546875 0.6617862371888726 0.3330078125 0.6676427525622255 0.328125 0.6705710102489019 0.32421875 0.6676427525622255 0.3173828125 0.6676427525622255 0.296875 0.677891654465593 0.296875 0.6866764275256223 0.2890625 0.6954612005856515 0.291015625 0.7042459736456809 0.2900390625 0.7115666178623719 0.29296875 0.7159590043923866 0.2978515625 0.7159590043923866 0.2958984375 0.718887262079063 0.2978515625 0.7232796486090776 0.2939453125 0.7247437774524158 0.2939453125 0.7276720351390923 0.3037109375 0.7320644216691069 0.3056640625 0.7291361639824304 0.3017578125 0.7159590043923866 0.314453125 0.7174231332357247 0.3154296875 0.7086383601756955 0.3212890625 0.7027818448023426 0.3203125 0.6954612005856515 0.3271484375 0.6925329428989752 0.3310546875 0.6852122986822841 0.3349609375 0.6852122986822841 0.337890625 0.6954612005856515 0.337890625 0.7174231332357247 0.3349609375 0.726207906295754 0.34375 0.7335285505124451 0.345703125 0.7437774524158126 0.3427734375 0.7481698389458272 0.345703125 0.7554904831625183 0.3623046875 0.7598828696925329 0.3701171875 0.7584187408491947 0.373046875 0.7525622254758418 0.380859375 0.746705710102489 0.3828125 0.7306002928257687 0.388671875 0.7306002928257687 0.3916015625 0.7349926793557833 0.390625 0.7408491947291361 0.392578125 0.7554904831625183 0.3974609375 0.7598828696925329 0.40625 0.7598828696925329 0.4111328125 0.7554904831625183 0.4111328125 0.7510980966325037 0.4140625 0.7496339677891655 0.4169921875 0.7540263543191801 0.4208984375 0.7525622254758418 0.4267578125 0.7408491947291361 0.427734375 0.7335285505124451 0.431640625 0.7306002928257687 0.439453125 0.7452415812591509 0.4404296875 0.7554904831625183 0.44921875 0.7598828696925329 0.46875 0.7598828696925329 0.474609375 0.7554904831625183 0.474609375 0.7481698389458272 0.4833984375 0.726207906295754 0.482421875 0.7159590043923866 0.484375 0.6939970717423133 0.486328125 0.6896046852122987 0.486328125 0.6720351390922401 0.484375 0.6676427525622255 0.486328125 0.6471449487554904 0.4853515625 0.636896046852123 0.490234375 0.6325036603221084 0.5234375 0.6310395314787701
1 0.4033203125 0.16105417276720352 0.44140625 0.16398243045387995 0.5341796875 0.16105417276720352 0.56640625 0.16544655929721816 0.587890625 0.16105417276720352 0.6083984375 0.16105417276720352 0.6123046875 0.16544655929721816 0.6201171875 0.16544655929721816 0.623046875 0.16105417276720352 0.64453125 0.16105417276720352 0.66015625 0.16544655929721816 0.6728515625 0.16251830161054173 0.6826171875 0.16398243045387995 0.689453125 0.16105417276720352 0.744140625 0.16105417276720352 0.7490234375 0.16398243045387995 0.78125 0.16105417276720352 0.818359375 0.16251830161054173 0.8251953125 0.17130307467057102 0.826171875 0.19326500732064422 0.822265625 0.2005856515373353 0.7197265625 0.2020497803806735 0.69140625 0.19912152269399708 0.6162109375 0.2020497803806735 0.61328125 0.19912152269399708 0.61328125 0.191800878477306 0.6083984375 0.1903367496339678 0.60546875 0.2020497803806735 0.537109375 0.2005856515373353 0.5263671875 0.20351390922401172 0.5048828125 0.2005856515373353 0.44921875 0.2005856515373353 0.4189453125 0.20351390922401172 0.3828125 0.2005856515373353 0.310546875 0.2005856515373353 0.306640625 0.19472913616398244 0.3037109375 0.19472913616398244 0.302734375 0.18740849194729137 0.3037109375 0.17130307467057102 0.3076171875 0.16691068814055637 0.3154296875 0.1683748169838946 0.322265625 0.16398243045387995 0.40234375 0.16105417276720352
1 0.8076171875 0.7218155197657394 0.814453125 0.7291361639824304 0.814453125 0.7335285505124451 0.8212890625 0.7496339677891655 0.8251953125 0.7554904831625183 0.8291015625 0.7569546120058566 0.8642578125 0.7569546120058566 0.8837890625 0.7525622254758418 0.9873046875 0.7540263543191801 0.9951171875 0.7510980966325037 0.9970703125 0.7701317715959004 0.9990234375 0.7715959004392386 0.9990234375 0.7994143484626647 0.9697265625 0.8008784773060029 0.9482421875 0.8052708638360175 0.908203125 0.8038067349926794 0.8916015625 0.8067349926793558 0.8203125 0.8067349926793558 0.802734375 0.7759882869692533 0.8046875 0.7510980966325037 0.8037109375 0.7364568081991215 0.806640625 0.7232796486090776
1 0.939453125 0.9385065885797951 0.955078125 0.9399707174231332 0.984375 0.9370424597364568 0.9853515625 0.9443631039531479 0.9833984375 0.9560761346998536 0.9814453125 0.9604685212298683 0.9755859375 0.9633967789165446 0.904296875 0.9663250366032211 0.873046875 0.9648609077598829 0.826171875 0.9692532942898975 0.7998046875 0.9677891654465594 0.7998046875 0.9516837481698389 0.8056640625 0.9443631039531479 0.8916015625 0.9428989751098097 0.9072265625 0.9399707174231332 0.927734375 0.9414348462664714 0.9384765625 0.9385065885797951
1 0.2919921875 0.5900439238653001 0.296875 0.5929721815519766 0.3330078125 0.5900439238653001 0.349609375 0.5944363103953147 0.4326171875 0.5944363103953147 0.4384765625 0.5915080527086384 0.55078125 0.5915080527086384 0.556640625 0.5944363103953147 0.591796875 0.5944363103953147 0.59375 0.5915080527086384 0.6015625 0.5915080527086384 0.6328125 0.5944363103953147 0.66015625 0.5915080527086384 0.689453125 0.595900439238653 0.712890625 0.5915080527086384 0.7392578125 0.5944363103953147 0.775390625 0.5885797950219619 0.7822265625 0.5944363103953147 0.7861328125 0.6017569546120058 0.7861328125 0.623718887262079 0.7822265625 0.6281112737920937 0.6376953125 0.6266471449487555 0.6201171875 0.6193265007320644 0.6162109375 0.6193265007320644 0.6123046875 0.623718887262079 0.59765625 0.6222547584187409 0.5947265625 0.6251830161054173 0.572265625 0.6281112737920937 0.4658203125 0.6266471449487555 0.4599609375 0.6193265007320644 0.4560546875 0.6193265007320644 0.4501953125 0.6266471449487555 0.42578125 0.6281112737920937 0.3974609375 0.6281112737920937 0.392578125 0.6266471449487555 0.3896484375 0.6207906295754027 0.3779296875 0.6281112737920937 0.271484375 0.6281112737920937 0.2529296875 0.6251830161054173 0.1796875 0.6281112737920937 0.1650390625 0.6251830161054173 0.068359375 0.6251830161054173 0.0634765625 0.6281112737920937 0 0.6266471449487555 0 0.595900439238653 0.0078125 0.5915080527086384 0.04296875 0.595900439238653 0.060546875 0.5929721815519766 0.0888671875 0.595900439238653 0.1259765625 0.5929721815519766 0.14453125 0.5973645680819912 0.162109375 0.5973645680819912 0.17578125 0.5944363103953147 0.2666015625 0.5944363103953147 0.291015625 0.5900439238653001
1 0.7705078125 0.3762811127379209 0.802734375 0.3762811127379209 0.8046875 0.37920937042459735 0.8056640625 0.38945827232796487 0.8056640625 0.4084919472913616 0.7998046875 0.4158125915080527 0.70703125 0.4158125915080527 0.66796875 0.4143484626647145 0.6640625 0.41142020497803805 0.6416015625 0.41142020497803805 0.62890625 0.4143484626647145 0.58984375 0.4143484626647145 0.580078125 0.41142020497803805 0.5771484375 0.4143484626647145 0.5537109375 0.4158125915080527 0.5390625 0.40995607613469986 0.5224609375 0.40995607613469986 0.5146484375 0.4143484626647145 0.5 0.4158125915080527 0.470703125 0.4128843338213763 0.4306640625 0.4158125915080527 0.41796875 0.4084919472913616 0.404296875 0.40702781844802344 0.3935546875 0.4143484626647145 0.3134765625 0.4143484626647145 0.3037109375 0.40995607613469986 0.2802734375 0.40995607613469986 0.2763671875 0.4128843338213763 0.2373046875 0.4158125915080527 0.1923828125 0.4143484626647145 0.1884765625 0.41142020497803805 0.1640625 0.41142020497803805 0.1591796875 0.4143484626647145 0.0712890625 0.4143484626647145 0.06640625 0.40995607613469986 0.052734375 0.4084919472913616 0.0390625 0.40995607613469986 0.03125 0.4143484626647145 0.0087890625 0.4143484626647145 0 0.41142020497803805 0 0.38653001464128844 0.017578125 0.37920937042459735 0.0712890625 0.37920937042459735 0.07421875 0.383601756954612 0.0859375 0.383601756954612 0.087890625 0.3806734992679356 0.095703125 0.3806734992679356 0.099609375 0.37774524158125916 0.1044921875 0.3806734992679356 0.12890625 0.3806734992679356 0.1357421875 0.3850658857979502 0.1435546875 0.3821376281112738 0.150390625 0.3850658857979502 0.1572265625 0.37920937042459735 0.173828125 0.37920937042459735 0.1787109375 0.383601756954612 0.19921875 0.3821376281112738 0.2060546875 0.37920937042459735 0.2314453125 0.37920937042459735 0.2421875 0.3850658857979502 0.251953125 0.3850658857979502 0.2578125 0.37920937042459735 0.26171875 0.3821376281112738 0.2705078125 0.37920937042459735 0.287109375 0.37920937042459735 0.2958984375 0.383601756954612 0.310546875 0.37920937042459735 0.353515625 0.37920937042459735 0.359375 0.383601756954612 0.365234375 0.383601756954612 0.375 0.37920937042459735 0.390625 0.37774524158125916 0.3974609375 0.3806734992679356 0.41015625 0.37920937042459735 0.4169921875 0.3850658857979502 0.421875 0.3850658857979502 0.4248046875 0.3806734992679356 0.4287109375 0.3821376281112738 0.4365234375 0.37920937042459735 0.462890625 0.37920937042459735 0.4677734375 0.3821376281112738 0.5205078125 0.37920937042459735 0.5263671875 0.3806734992679356 0.5283203125 0.3850658857979502 0.5615234375 0.37920937042459735 0.5634765625 0.3821376281112738 0.568359375 0.3806734992679356 0.572265625 0.383601756954612 0.5869140625 0.3850658857979502 0.6015625 0.383601756954612 0.6103515625 0.37920937042459735 0.6513671875 0.37920937042459735 0.666015625 0.3821376281112738 0.6826171875 0.37774524158125916 0.7060546875 0.37920937042459735 0.76953125 0.3762811127379209