1 0.6806640625 0.7288888888888889 0.6845703125 0.7333333333333333 0.6865234375 0.7422222222222222 0.6875 0.7511111111111111 0.6845703125 0.7585185185185185 0.681640625 0.7585185185185185 0.6591796875 0.7392592592592593 0.6591796875 0.7333333333333333 0.6611328125 0.7318518518518519 0.6796875 0.7288888888888889
1 0.8349609375 0.7066666666666667 0.9150390625 0.6977777777777778 0.9296875 0.6977777777777778 0.9326171875 0.7022222222222222 0.9326171875 0.7081481481481482 0.9287109375 0.7140740740740741 0.904296875 0.7140740740740741 0.84375 0.7229629629629629 0.8349609375 0.72 0.8349609375 0.7081481481481482
1 0 0.52 0.0517578125 0.52 0.05859375 0.5259259259259259 0.0576171875 0.5303703703703704 0.05078125 0.5333333333333333 0 0.5318518518518518 0 0.5214814814814814
1 0.685546875 0.6592592592592592 0.689453125 0.6681481481481482 0.6884765625 0.6814814814814815 0.685546875 0.6859259259259259 0.671875 0.6755555555555556 0.66015625 0.674074074074074 0.6513671875 0.677037037037037 0.6474609375 0.6666666666666666 0.65234375 0.6592592592592592 0.6845703125 0.6592592592592592
1 0.828125 0.5807407407407408 0.828125 0.5881481481481482 0.8310546875 0.5911111111111111 0.8330078125 0.6207407407407407 0.8388671875 0.6266666666666667 0.8779296875 0.6207407407407407 0.9287109375 0.6207407407407407 0.9326171875 0.6251851851851852 0.9326171875 0.6296296296296297 0.9287109375 0.6340740740740741 0.89453125 0.6355555555555555 0.888671875 0.6385185185185185 0.8515625 0.6370370370370371 0.8388671875 0.6385185185185185 0.8349609375 0.6444444444444445 0.8330078125 0.6518518518518519 0.833984375 0.6637037037037037 0.83203125 0.6814814814814815 0.833984375 0.6903703703703704 0.8330078125 0.7037037037037037 0.8369140625 0.7096296296296296 0.849609375 0.7051851851851851 0.857421875 0.7066666666666667 0.9130859375 0.6977777777777778 0.9296875 0.6977777777777778 0.9326171875 0.7051851851851851 0.931640625 0.7096296296296296 0.92578125 0.7140740740740741 0.8984375 0.7140740740740741 0.873046875 0.7185185185185186 0.869140625 0.717037037037037 0.8623046875 0.72 0.8486328125 0.7185185185185186 0.8388671875 0.72 0.83203125 0.725925925925926 0.83203125 0.7925925925925926 0.8359375 0.8162962962962963 0.890625 0.8088888888888889 0.9208984375 0.8 0.927734375 0.8 0.931640625 0.8074074074074075 0.9267578125 0.8177777777777778 0.919921875 0.8207407407407408 0.9072265625 0.8192592592592592 0.8935546875 0.8222222222222222 0.8896484375 0.8281481481481482 0.88671875 0.8251851851851851 0.880859375 0.8281481481481482 0.8681640625 0.8266666666666667 0.859375 0.8296296296296296 0.8544921875 0.8281481481481482 0.84765625 0.8340740740740741 0.8388671875 0.8325925925925926 0.8330078125 0.8444444444444444 0.8310546875 0.8548148148148148 0.8310546875 0.9051851851851852 0.8330078125 0.9111111111111111 0.83203125 0.9303703703703704 0.833984375 0.9333333333333333 0.837890625 0.9303703703703704 0.8466796875 0.9348148148148148 0.845703125 0.9377777777777778 0.841796875 0.9377777777777778 0.837890625 0.9451851851851852 0.814453125 0.9451851851851852 0.8271484375 0.9377777777777778 0.8310546875 0.9288888888888889 0.8291015625 0.9185185185185185 0.8310546875 0.9037037037037037 0.8310546875 0.88 0.8291015625 0.8666666666666667 0.82421875 0.8577777777777778 0.7998046875 0.8503703703703703 0.7802734375 0.8592592592592593 0.7666015625 0.8592592592592593 0.7578125 0.8518518518518519 0.7529296875 0.8518518518518519 0.7099609375 0.8296296296296296 0.6953125 0.8251851851851851 0.689453125 0.8148148148148148 0.6904296875 0.8103703703703704 0.693359375 0.8088888888888889 0.7021484375 0.8088888888888889 0.7255859375 0.8237037037037037 0.73046875 0.8237037037037037 0.7548828125 0.8385185185185186 0.7783203125 0.8474074074074074 0.7900390625 0.8429629629629629 0.810546875 0.8429629629629629 0.82421875 0.837037037037037 0.8271484375 0.8325925925925926 0.8271484375 0.8177777777777778 0.8251953125 0.8103703703703704 0.826171875 0.7985185185185185 0.82421875 0.7955555555555556 0.826171875 0.7718518518518519 0.8212890625 0.76 0.81640625 0.76 0.8115234375 0.7555555555555555 0.791015625 0.7481481481481481 0.7861328125 0.7511111111111111 0.7822265625 0.7496296296296296 0.779296875 0.7555555555555555 0.7578125 0.7555555555555555 0.75 0.7496296296296296 0.7265625 0.7437037037037038 0.7041015625 0.7303703703703703 0.6943359375 0.7318518518518519 0.6884765625 0.7303703703703703 0.6875 0.7274074074074074 0.6884765625 0.7155555555555555 0.6923828125 0.7140740740740741 0.69921875 0.72 0.7119140625 0.72 0.7158203125 0.7244444444444444 0.7314453125 0.7274074074074074 0.7578125 0.7422222222222222 0.767578125 0.7407407407407407 0.7724609375 0.7437037037037038 0.7880859375 0.7437037037037038 0.7939453125 0.7407407407407407 0.802734375 0.7422222222222222 0.8212890625 0.7377777777777778 0.82421875 0.7333333333333333 0.8251953125 0.7229629629629629 0.8232421875 0.7125925925925926 0.82421875 0.6681481481481482 0.8212890625 0.6637037037037037 0.814453125 0.6607407407407407 0.7880859375 0.6592592592592592 0.779296875 0.6651851851851852 0.7744140625 0.6651851851851852 0.744140625 0.6548148148148148 0.708984375 0.6474074074074074 0.7021484375 0.642962962962963 0.6923828125 0.6444444444444445 0.689453125 0.6474074074074074 0.6865234375 0.6444444444444445 0.6865234375 0.6355555555555555 0.6943359375 0.6296296296296297 0.7705078125 0.6474074074074074 0.796875 0.6474074074074074 0.8232421875 0.642962962962963 0.826171875 0.64 0.8251953125 0.6118518518518519 0.8271484375 0.6029629629629629 0.82421875 0.5985185185185186 0.828125 0.5911111111111111 0.828125 0.5822222222222222
1 0.5654296875 0.605925925925926 0.646484375 0.6088888888888889 0.6474609375 0.6148148148148148 0.6435546875 0.6192592592592593 0.623046875 0.6162962962962963 0.5810546875 0.6162962962962963 0.5693359375 0.6133333333333333 0.544921875 0.6148148148148148 0.537109375 0.6133333333333333 0.5361328125 0.6088888888888889 0.5380859375 0.605925925925926 0.564453125 0.605925925925926
1 0.95703125 0.794074074074074 0.9990234375 0.8074074074074075 0.9990234375 0.8237037037037037 0.94921875 0.8044444444444444 0.939453125 0.802962962962963 0.939453125 0.7911111111111111 0.9560546875 0.794074074074074
1 0.017578125 0.4 0.021484375 0.4059259259259259 0.05859375 0.4059259259259259 0.0625 0.4103703703703704 0.060546875 0.4192592592592593 0.046875 0.42074074074074075 0 0.42074074074074075 0 0.40296296296296297 0.0166015625 0.4
1 0.94921875 0.9125925925925926 0.9541015625 0.92 0.96484375 0.92 0.984375 0.9288888888888889 0.9990234375 0.9288888888888889 0.9970703125 0.9303703703703704 0.9990234375 0.9333333333333333 0.9990234375 0.9481481481481482 0.994140625 0.9555555555555556 0.9892578125 0.9555555555555556 0.98828125 0.9688888888888889 0.9912109375 0.9703703703703703 0.994140625 0.9644444444444444 0.994140625 0.9703703703703703 0.9970703125 0.9762962962962963 0.9990234375 0.9762962962962963 0.9990234375 0.9807407407407407 0.9873046875 0.9733333333333334 0.98046875 0.9733333333333334 0.9736328125 0.9674074074074074 0.9609375 0.9629629629629629 0.95703125 0.9585185185185185 0.962890625 0.9555555555555556 0.9580078125 0.9481481481481482 0.94140625 0.9525925925925925 0.931640625 0.9466666666666667 0.9306640625 0.9407407407407408 0.935546875 0.9348148148148148 0.9345703125 0.9259259259259259 0.9423828125 0.922962962962963 0.9423828125 0.914074074074074 0.9482421875 0.9125925925925926
1 0.54296875 0.554074074074074 0.681640625 0.5585185185185185 0.681640625 0.5659259259259259 0.5390625 0.562962962962963 0.53515625 0.56 0.5361328125 0.557037037037037 0.5419921875 0.5555555555555556
1 0.0791015625 0.674074074074074 0.080078125 0.6607407407407407 0.08203125 0.6577777777777778 0.142578125 0.6577777777777778 0.1689453125 0.6518518518518519 0.177734375 0.6474074074074074 0.1962890625 0.6459259259259259 0.2001953125 0.642962962962963 0.23828125 0.6340740740740741 0.263671875 0.6325925925925926 0.287109375 0.6251851851851852 0.294921875 0.6266666666666667 0.2939453125 0.6325925925925926 0.291015625 0.6355555555555555 0.2744140625 0.6385185185185185 0.2470703125 0.6503703703703704 0.2119140625 0.6562962962962963 0.1767578125 0.6681481481481482 0.1630859375 0.6711111111111111 0.1181640625 0.6696296296296296 0.0927734375 0.6755555555555556 0.080078125 0.674074074074074
1 0.1630859375 0.3837037037037037 0.19140625 0.39111111111111113 0.205078125 0.3896296296296296 0.234375 0.39555555555555555 0.2548828125 0.39555555555555555 0.287109375 0.40296296296296297 0.2900390625 0.4059259259259259 0.2890625 0.4088888888888889 0.275390625 0.4103703703703704 0.2724609375 0.41333333333333333 0.2529296875 0.41185185185185186 0.2333984375 0.42074074074074075 0.1640625 0.41333333333333333 0.150390625 0.4148148148148148 0.1455078125 0.41185185185185186 0.123046875 0.4103703703703704 0.0966796875 0.4103703703703704 0.083984375 0.4148148148148148 0.078125 0.41333333333333333 0.076171875 0.41185185185185186 0.07421875 0.397037037037037 0.1416015625 0.3837037037037037 0.162109375 0.3837037037037037
1 0.4052734375 0.7125925925925926 0.435546875 0.7185185185185186 0.4853515625 0.7214814814814815 0.537109375 0.7229629629629629 0.5498046875 0.72 0.5595703125 0.725925925925926 0.57421875 0.7274074074074074 0.5859375 0.725925925925926 0.595703125 0.72 0.6015625 0.7125925925925926 0.6064453125 0.7125925925925926 0.6357421875 0.7185185185185186 0.6416015625 0.7288888888888889 0.654296875 0.7377777777777778 0.654296875 0.7407407407407407 0.6513671875 0.7422222222222222 0.5654296875 0.7333333333333333 0.427734375 0.7244444444444444 0.41015625 0.72 0.369140625 0.72 0.359375 0.717037037037037 0.3603515625 0.7125925925925926 0.404296875 0.7125925925925926
1 0.4599609375 0.4444444444444444 0.5361328125 0.44592592592592595 0.537109375 0.45185185185185184 0.53125 0.4562962962962963 0.48828125 0.4562962962962963 0.4755859375 0.46074074074074073 0.4677734375 0.4577777777777778 0.435546875 0.4562962962962963 0.4091796875 0.45925925925925926 0.4072265625 0.4622222222222222 0.4033203125 0.4622222222222222 0.3994140625 0.4577777777777778 0.3828125 0.4577777777777778 0.373046875 0.46074074074074073 0.369140625 0.4577777777777778 0.3095703125 0.4577777777777778 0.29296875 0.46074074074074073 0.2861328125 0.4533333333333333 0.2880859375 0.4488888888888889 0.3779296875 0.45037037037037037 0.390625 0.4474074074074074 0.4248046875 0.4488888888888889 0.458984375 0.4444444444444444
1 0.9287109375 0.6977777777777778 0.9326171875 0.7022222222222222 0.9326171875 0.7081481481481482 0.9287109375 0.7125925925925926 0.884765625 0.7155555555555555 0.8544921875 0.7214814814814815 0.8349609375 0.72 0.8359375 0.7066666666666667 0.8603515625 0.7051851851851851 0.8779296875 0.7007407407407408 0.927734375 0.6977777777777778
1 0.0556640625 0.46814814814814815 0.0576171875 0.47555555555555556 0.0537109375 0.48148148148148145 0 0.48148148148148145 0 0.4696296296296296 0.041015625 0.4666666666666667 0.0546875 0.46814814814814815
1 0.2890625 0.7244444444444444 0.29296875 0.7274074074074074 0.2900390625 0.7377777777777778 0.28125 0.7392592592592593 0.2509765625 0.7555555555555555 0.248046875 0.7540740740740741 0.2333984375 0.76 0.22265625 0.7674074074074074 0.1591796875 0.7911111111111111 0.1337890625 0.7881481481481482 0.0830078125 0.7911111111111111 0.080078125 0.7866666666666666 0.080078125 0.7762962962962963 0.0830078125 0.7733333333333333 0.1259765625 0.7762962962962963 0.140625 0.7748148148148148 0.1494140625 0.7674074074074074 0.158203125 0.7674074074074074 0.1796875 0.76 0.193359375 0.7614814814814815 0.2275390625 0.7496296296296296 0.248046875 0.7407407407407407 0.2578125 0.7274074074074074 0.26171875 0.725925925925926 0.2880859375 0.7244444444444444
1 0.7470703125 0.48 0.796875 0.48 0.798828125 0.48592592592592593 0.7958984375 0.4888888888888889 0.7021484375 0.4874074074074074 0.69921875 0.482962962962963 0.7060546875 0.48 0.74609375 0.48
1 0.3779296875 0.6592592592592592 0.4482421875 0.6681481481481482 0.54296875 0.6666666666666666 0.5498046875 0.6711111111111111 0.5947265625 0.6696296296296296 0.6015625 0.674074074074074 0.61328125 0.6755555555555556 0.640625 0.674074074074074 0.6474609375 0.6755555555555556 0.6494140625 0.6785185185185185 0.6455078125 0.6874074074074074 0.5771484375 0.68 0.48828125 0.6755555555555556 0.478515625 0.6755555555555556 0.4716796875 0.6814814814814815 0.4599609375 0.6755555555555556 0.4560546875 0.677037037037037 0.427734375 0.6725925925925926 0.4140625 0.6725925925925926 0.404296875 0.677037037037037 0.3984375 0.6696296296296296 0.3583984375 0.6666666666666666 0.357421875 0.6607407407407407 0.376953125 0.6592592592592592
1 0.3798828125 0.7125925925925926 0.4931640625 0.7229629629629629 0.5380859375 0.7229629629629629 0.544921875 0.72 0.5537109375 0.7214814814814815 0.5595703125 0.725925925925926 0.57421875 0.7274074074074074 0.5859375 0.725925925925926 0.5986328125 0.7155555555555555 0.6220703125 0.7155555555555555 0.6328125 0.7185185185185186 0.640625 0.7288888888888889 0.6533203125 0.7377777777777778 0.6533203125 0.7407407407407407 0.646484375 0.7437037037037038 0.634765625 0.7407407407407407 0.58203125 0.7377777777777778 0.5732421875 0.7348148148148148 0.546875 0.7348148148148148 0.517578125 0.7303703703703703 0.4716796875 0.7288888888888889 0.462890625 0.725925925925926 0.4306640625 0.725925925925926 0.41015625 0.7214814814814815 0.365234375 0.72 0.3583984375 0.717037037037037 0.3603515625 0.7125925925925926 0.37890625 0.7125925925925926
1 0.681640625 0.8014814814814815 0.6904296875 0.8177777777777778 0.69140625 0.8296296296296296 0.689453125 0.837037037037037 0.6865234375 0.837037037037037 0.66796875 0.8207407407407408 0.65234375 0.8133333333333334 0.65234375 0.8088888888888889 0.65625 0.8059259259259259 0.6806640625 0.8014814814814815
1 0.28515625 0.5214814814814814 0.2880859375 0.5288888888888889 0.2861328125 0.5303703703703704 0.2626953125 0.5333333333333333 0.2490234375 0.5392592592592592 0.166015625 0.5422222222222223 0.1533203125 0.5451851851851852 0.1142578125 0.5466666666666666 0.087890625 0.5525925925925926 0.080078125 0.5525925925925926 0.0771484375 0.5496296296296296 0.078125 0.5407407407407407 0.083984375 0.5348148148148149 0.2841796875 0.5214814814814814
1 0.4013671875 0.5525925925925926 0.5146484375 0.5525925925925926 0.5361328125 0.557037037037037 0.533203125 0.562962962962963 0.5166015625 0.5644444444444444 0.4248046875 0.5614814814814815 0.41015625 0.562962962962963 0.4072265625 0.5659259259259259 0.4033203125 0.5659259259259259 0.3984375 0.5614814814814815 0.357421875 0.56 0.357421875 0.5525925925925926 0.400390625 0.5525925925925926
1 0.3642578125 0.5511111111111111 0.3720703125 0.554074074074074 0.4677734375 0.554074074074074 0.4833984375 0.5511111111111111 0.494140625 0.554074074074074 0.5126953125 0.5525925925925926 0.544921875 0.5555555555555556 0.6435546875 0.5555555555555556 0.681640625 0.5585185185185185 0.681640625 0.5659259259259259 0.6787109375 0.5674074074074074 0.578125 0.562962962962963 0.46484375 0.5644444444444444 0.4423828125 0.5614814814814815 0.4140625 0.5614814814814815 0.404296875 0.5659259259259259 0.400390625 0.5614814814814815 0.361328125 0.5614814814814815 0.357421875 0.56 0.3564453125 0.554074074074074 0.36328125 0.5511111111111111
1 0.0498046875 0.8711111111111111 0.0517578125 0.8725925925925926 0.05078125 0.8785185185185185 0.0537109375 0.8844444444444445 0.0673828125 0.8918518518518519 0.0634765625 0.9111111111111111 0.0537109375 0.9111111111111111 0.0546875 0.9155555555555556 0.060546875 0.917037037037037 0.056640625 0.9214814814814815 0.05078125 0.917037037037037 0.044921875 0.917037037037037 0.0478515625 0.914074074074074 0.044921875 0.9096296296296297 0.041015625 0.9096296296296297 0.0380859375 0.914074074074074 0.0263671875 0.914074074074074 0.0263671875 0.9051851851851852 0.01953125 0.8962962962962963 0.01171875 0.8977777777777778 0.009765625 0.9007407407407407 0.0244140625 0.914074074074074 0.0048828125 0.9111111111111111 0.0029296875 0.9037037037037037 0.005859375 0.8977777777777778 0 0.8948148148148148 0 0.88 0.013671875 0.8785185185185185 0.0205078125 0.8814814814814815 0.04296875 0.8814814814814815 0.0458984375 0.88 0.048828125 0.8725925925925926
1 0.3603515625 0.6014814814814815 0.4423828125 0.6014814814814815 0.4765625 0.605925925925926 0.51953125 0.6044444444444445 0.53515625 0.605925925925926 0.537109375 0.6088888888888889 0.53515625 0.6133333333333333 0.5224609375 0.6148148148148148 0.4150390625 0.6088888888888889 0.3681640625 0.6103703703703703 0.3603515625 0.6029629629629629
1 0.376953125 0.6592592592592592 0.4013671875 0.6607407407407407 0.412109375 0.6651851851851852 0.4453125 0.6651851851851852 0.44921875 0.6681481481481482 0.53125 0.6681481481481482 0.5380859375 0.6711111111111111 0.537109375 0.6755555555555556 0.533203125 0.6785185185185185 0.4794921875 0.6755555555555556 0.474609375 0.6814814814814815 0.4697265625 0.6814814814814815 0.4638671875 0.677037037037037 0.4384765625 0.674074074074074 0.41015625 0.674074074074074 0.408203125 0.677037037037037 0.4033203125 0.677037037037037 0.3974609375 0.6696296296296296 0.3720703125 0.6696296296296296 0.3583984375 0.6666666666666666 0.3564453125 0.6637037037037037 0.357421875 0.6607407407407407 0.3759765625 0.6592592592592592
1 0.6767578125 0.4414814814814815 0.689453125 0.44592592592592595 0.69140625 0.45481481481481484 0.6904296875 0.4577777777777778 0.677734375 0.45185185185185184 0.6630859375 0.45037037037037037 0.640625 0.4533333333333333 0.5400390625 0.4533333333333333 0.5322265625 0.4562962962962963 0.490234375 0.4562962962962963 0.4873046875 0.45925925925925926 0.48046875 0.4577777777777778 0.4755859375 0.46074074074074073 0.46484375 0.4562962962962963 0.4345703125 0.4562962962962963 0.4091796875 0.45925925925925926 0.4052734375 0.4622222222222222 0.3984375 0.4562962962962963 0.3857421875 0.4562962962962963 0.37890625 0.45925925925925926 0.30859375 0.4577777777777778 0.294921875 0.46074074074074073 0.2900390625 0.45925925925925926 0.2861328125 0.4533333333333333 0.2861328125 0.4488888888888889 0.3759765625 0.45037037037037037 0.4404296875 0.4444444444444444 0.5205078125 0.44592592592592595 0.580078125 0.4414814814814815 0.67578125 0.4414814814814815
1 0.0732421875 0.4918518518518519 0.0771484375 0.4962962962962963 0.0771484375 0.5185185185185185 0.0732421875 0.5244444444444445 0.080078125 0.5362962962962963 0.1181640625 0.5318518518518518 0.2568359375 0.5244444444444445 0.2666015625 0.5214814814814814 0.2861328125 0.5214814814814814 0.291015625 0.5303703703703704 0.2890625 0.5437037037037037 0.28125 0.5437037037037037 0.27734375 0.5407407407407407 0.26171875 0.5437037037037037 0.2578125 0.5377777777777778 0.255859375 0.5407407407407407 0.244140625 0.5407407407407407 0.2392578125 0.5437037037037037 0.2080078125 0.5437037037037037 0.1884765625 0.5407407407407407 0.181640625 0.5481481481481482 0.1630859375 0.5437037037037037 0.1494140625 0.5496296296296296 0.1416015625 0.5481481481481482 0.12109375 0.5511111111111111 0.1162109375 0.5555555555555556 0.10546875 0.5525925925925926 0.1025390625 0.557037037037037 0.1044921875 0.56 0.1044921875 0.5688888888888889 0.0986328125 0.5851851851851851 0.0986328125 0.597037037037037 0.0947265625 0.6014814814814815 0.0966796875 0.6192592592592593 0.0947265625 0.6192592592592593 0.091796875 0.6251851851851852 0.091796875 0.6325925925925926 0.095703125 0.6385185185185185 0.0986328125 0.6385185185185185 0.099609375 0.6459259259259259 0.095703125 0.6518518518518519 0.08984375 0.6518518518518519 0.0888671875 0.6533333333333333 0.0927734375 0.6562962962962963 0.1015625 0.6562962962962963 0.1064453125 0.6607407407407407 0.1162109375 0.6622222222222223 0.1279296875 0.6607407407407407 0.130859375 0.6637037037037037 0.142578125 0.6577777777777778 0.1640625 0.6562962962962963 0.17578125 0.6503703703703704 0.1923828125 0.6488888888888888 0.2041015625 0.642962962962963 0.2177734375 0.642962962962963 0.2197265625 0.64 0.2392578125 0.6355555555555555 0.263671875 0.6325925925925926 0.271484375 0.6340740740740741 0.2763671875 0.6296296296296297 0.28515625 0.6296296296296297 0.2890625 0.6266666666666667 0.29296875 0.6281481481481481 0.29296875 0.6340740740740741 0.2890625 0.6385185185185185 0.263671875 0.6414814814814814 0.2626953125 0.6459259259259259 0.2646484375 0.6533333333333333 0.2607421875 0.6577777777777778 0.2646484375 0.6607407407407407 0.25390625 0.6607407407407407 0.2509765625 0.674074074074074 0.248046875 0.6711111111111111 0.248046875 0.6637037037037037 0.24609375 0.6607407407407407 0.25 0.6562962962962963 0.2431640625 0.6503703703703704 0.21484375 0.6533333333333333 0.197265625 0.6607407407407407 0.1865234375 0.6607407407407407 0.169921875 0.6681481481481482 0.1435546875 0.6681481481481482 0.138671875 0.6711111111111111 0.1357421875 0.6666666666666666 0.1328125 0.6666666666666666 0.1318359375 0.6711111111111111 0.1162109375 0.6681481481481482 0.087890625 0.6725925925925926 0.0869140625 0.6814814814814815 0.0830078125 0.6859259259259259 0.078125 0.7111111111111111 0.07421875 0.7111111111111111 0.0712890625 0.7051851851851851 0.072265625 0.7022222222222222 0.0673828125 0.7007407407407408 0.068359375 0.6874074074074074 0.072265625 0.6844444444444444 0.07421875 0.6785185185185185 0.072265625 0.6755555555555556 0.0673828125 0.6755555555555556 0.06640625 0.6711111111111111 0.068359375 0.6533333333333333 0.0673828125 0.642962962962963 0.076171875 0.64 0.0732421875 0.6355555555555555 0.0732421875 0.6296296296296297 0.0673828125 0.6251851851851852 0.06640625 0.6192592592592593 0.068359375 0.5837037037037037 0.0634765625 0.5437037037037037 0.0634765625 0.5333333333333333 0.0673828125 0.522962962962963 0.064453125 0.5096296296296297 0.06640625 0.4962962962962963 0.068359375 0.49037037037037035 0.072265625 0.4918518518518519
1 0.67578125 0.8740740740740741 0.6806640625 0.882962962962963 0.685546875 0.8844444444444445 0.689453125 0.8903703703703704 0.6904296875 0.8977777777777778 0.693359375 0.9022222222222223 0.7265625 0.922962962962963 0.7431640625 0.9303703703703704 0.7490234375 0.9377777777777778 0.763671875 0.9422222222222222 0.771484375 0.9481481481481482 0.783203125 0.9481481481481482 0.8203125 0.9377777777777778 0.833984375 0.9377777777777778 0.84765625 0.9303703703703704 0.8955078125 0.92 0.912109375 0.9125925925925926 0.9150390625 0.9081481481481481 0.9287109375 0.9081481481481481 0.9296875 0.914074074074074 0.9248046875 0.9214814814814815 0.916015625 0.922962962962963 0.912109375 0.9288888888888889 0.9150390625 0.9451851851851852 0.9140625 0.9555555555555556 0.9111328125 0.96 0.8994140625 0.96 0.8974609375 0.9466666666666667 0.8935546875 0.9451851851851852 0.8916015625 0.9407407407407408 0.8798828125 0.9377777777777778 0.875 0.9437037037037037 0.876953125 0.9511111111111111 0.875 0.957037037037037 0.875 0.9688888888888889 0.869140625 0.9733333333333334 0.8603515625 0.9733333333333334 0.8525390625 0.9777777777777777 0.8251953125 0.9837037037037037 0.8203125 0.9792592592592593 0.8173828125 0.9629629629629629 0.8134765625 0.9585185185185185 0.8095703125 0.9585185185185185 0.80859375 0.96 0.8154296875 0.9674074074074074 0.810546875 0.965925925925926 0.8037109375 0.9703703703703703 0.80078125 0.965925925925926 0.7978515625 0.965925925925926 0.79296875 0.9688888888888889 0.7919921875 0.9896296296296296 0.7939453125 0.9940740740740741 0.7841796875 0.9985185185185185 0.7734375 0.9985185185185185 0.76953125 0.9925925925925926 0.7646484375 0.9940740740740741 0.7568359375 0.9851851851851852 0.7412109375 0.9762962962962963 0.73828125 0.9733333333333334 0.740234375 0.9644444444444444 0.7373046875 0.9540740740740741 0.7333984375 0.957037037037037 0.734375 0.96 0.7216796875 0.9629629629629629 0.671875 0.9303703703703704 0.669921875 0.9274074074074075 0.671875 0.92 0.6708984375 0.9096296296296297 0.673828125 0.9037037037037037 0.65234375 0.8859259259259259 0.6513671875 0.88 0.6748046875 0.8740740740740741
1 0 0.674074074074074 0.0615234375 0.677037037037037 0.064453125 0.6814814814814815 0.0634765625 0.6888888888888889 0.025390625 0.6888888888888889 0 0.6844444444444444 0 0.6755555555555556
1 0 0.5703703703703704 0.05859375 0.5703703703703704 0.0615234375 0.5733333333333334 0.0625 0.5792592592592593 0.0615234375 0.5837037037037037 0.0576171875 0.5866666666666667 0.0380859375 0.5837037037037037 0.0234375 0.5851851851851851 0.0126953125 0.5822222222222222 0 0.5837037037037037 0 0.5718518518518518
1 0.7236328125 0.6355555555555555 0.765625 0.6459259259259259 0.8203125 0.6444444444444445 0.8251953125 0.6488888888888888 0.8251953125 0.6562962962962963 0.822265625 0.6607407407407407 0.7880859375 0.6592592592592592 0.7783203125 0.6622222222222223 0.76171875 0.6607407407407407 0.74609375 0.6548148148148148 0.69140625 0.642962962962963 0.6884765625 0.6385185185185185 0.6884765625 0.6325925925925926 0.6904296875 0.6296296296296297 0.72265625 0.6355555555555555
1 0.4130859375 0.49925925925925924 0.42578125 0.5022222222222222 0.462890625 0.49925925925925924 0.533203125 0.5022222222222222 0.53515625 0.5081481481481481 0.5302734375 0.5096296296296297 0.4765625 0.5111111111111111 0.400390625 0.5111111111111111 0.396484375 0.5081481481481481 0.3525390625 0.5096296296296297 0.349609375 0.5037037037037037 0.3564453125 0.5007407407407407 0.3798828125 0.5022222222222222 0.412109375 0.49925925925925924
1 0.927734375 0.7985185185185185 0.931640625 0.802962962962963 0.931640625 0.8118518518518518 0.9248046875 0.8177777777777778 0.9091796875 0.8177777777777778 0.8466796875 0.8311111111111111 0.837890625 0.8311111111111111 0.8359375 0.8281481481481482 0.8359375 0.8177777777777778 0.837890625 0.8148148148148148 0.8486328125 0.8118518518518518 0.892578125 0.8074074074074075 0.9267578125 0.8
1 0.5859375 0.4414814814814815 0.61328125 0.44296296296296295 0.67578125 0.44 0.6904296875 0.44592592592592595 0.6923828125 0.45925925925925926 0.6748046875 0.45185185185185184 0.6279296875 0.4533333333333333 0.619140625 0.45037037037037037 0.60546875 0.4533333333333333 0.5380859375 0.4533333333333333 0.53515625 0.44592592592592595 0.5390625 0.4444444444444444 0.5849609375 0.4414814814814815
1 0 0.6237037037037036 0.0244140625 0.6222222222222222 0.037109375 0.6251851851851852 0.0625 0.6251851851851852 0.064453125 0.6296296296296297 0.0634765625 0.6385185185185185 0.0361328125 0.6355555555555555 0.01953125 0.6370370370370371 0.015625 0.6340740740740741 0 0.6355555555555555 0 0.6251851851851852
1 0 0.72 0.0244140625 0.7229629629629629 0.0498046875 0.7303703703703703 0.0634765625 0.7303703703703703 0.0654296875 0.7333333333333333 0.064453125 0.7422222222222222 0.048828125 0.7422222222222222 0.0146484375 0.7362962962962963 0.0078125 0.7377777777777778 0 0.7348148148148148 0 0.7214814814814815
1 0 0.8785185185185185 0.029296875 0.882962962962963 0.0498046875 0.8814814814814815 0.0673828125 0.8933333333333333 0.064453125 0.9037037037037037 0.029296875 0.8992592592592593 0.0224609375 0.8948148148148148 0 0.8918518518518519 0 0.88
1 0.9306640625 0.48444444444444446 0.9326171875 0.49037037037037035 0.931640625 0.4962962962962963 0.927734375 0.49925925925925924 0.8974609375 0.4962962962962963 0.89453125 0.4888888888888889 0.896484375 0.48592592592592593 0.9296875 0.48444444444444446
1 0.5966796875 0.6696296296296296 0.599609375 0.6725925925925926 0.6162109375 0.6755555555555556 0.6318359375 0.6755555555555556 0.6396484375 0.6711111111111111 0.6494140625 0.677037037037037 0.6474609375 0.6874074074074074 0.6123046875 0.6859259259259259 0.58203125 0.68 0.5390625 0.6785185185185185 0.5361328125 0.6725925925925926 0.5419921875 0.6681481481481482 0.5673828125 0.6725925925925926 0.595703125 0.6696296296296296
1 0.685546875 0.8725925925925926 0.6865234375 0.882962962962963 0.689453125 0.8888888888888888 0.6884765625 0.8977777777777778 0.6796875 0.8962962962962963 0.6748046875 0.8918518518518519 0.662109375 0.8933333333333333 0.650390625 0.882962962962963 0.650390625 0.8785185185185185 0.654296875 0.8755555555555555 0.6845703125 0.8725925925925926
1 0.6767578125 0.44 0.69140625 0.44592592592592595 0.6953125 0.4577777777777778 0.693359375 0.46370370370370373 0.689453125 0.4622222222222222 0.685546875 0.4562962962962963 0.666015625 0.45037037037037037 0.6376953125 0.4533333333333333 0.634765625 0.4562962962962963 0.6337890625 0.4666666666666667 0.62890625 0.45481481481481484 0.623046875 0.45185185185185184 0.5869140625 0.4533333333333333 0.5810546875 0.46074074074074073 0.5791015625 0.45481481481481484 0.5751953125 0.4533333333333333 0.54296875 0.4533333333333333 0.533203125 0.4577777777777778 0.50390625 0.4562962962962963 0.482421875 0.46074074074074073 0.48046875 0.46370370370370373 0.4814453125 0.4696296296296296 0.4794921875 0.4696296296296296 0.48046875 0.4651851851851852 0.4765625 0.46074074074074073 0.474609375 0.46370370370370373 0.474609375 0.49037037037037035 0.4765625 0.49333333333333335 0.4833984375 0.49037037037037035 0.49609375 0.49037037037037035 0.4931640625 0.49333333333333335 0.494140625 0.4948148148148148 0.5205078125 0.49333333333333335 0.5224609375 0.49777777777777776 0.529296875 0.49037037037037035 0.52734375 0.4874074074074074 0.53125 0.482962962962963 0.5302734375 0.47703703703703704 0.533203125 0.4711111111111111 0.53515625 0.482962962962963 0.5341796875 0.49333333333333335 0.537109375 0.49777777777777776 0.548828125 0.5007407407407407 0.556640625 0.49777777777777776 0.5712890625 0.5007407407407407 0.580078125 0.4962962962962963 0.5908203125 0.49777777777777776 0.59375 0.4948148148148148 0.6162109375 0.49777777777777776 0.6201171875 0.5007407407407407 0.6298828125 0.4962962962962963 0.6298828125 0.48444444444444446 0.6337890625 0.482962962962963 0.63671875 0.48592592592592593 0.6357421875 0.49037037037037035 0.6376953125 0.49333333333333335 0.6376953125 0.49925925925925924 0.693359375 0.5037037037037037 0.6923828125 0.52 0.685546875 0.5111111111111111 0.66796875 0.5096296296296297 0.638671875 0.5111111111111111 0.6357421875 0.5155555555555555 0.6279296875 0.5096296296296297 0.5908203125 0.5081481481481481 0.5849609375 0.5096296296296297 0.5791015625 0.5155555555555555 0.5791015625 0.5096296296296297 0.5478515625 0.5081481481481481 0.5419921875 0.5096296296296297 0.5380859375 0.5155555555555555 0.5341796875 0.5170370370370371 0.52734375 0.5155555555555555 0.525390625 0.5185185185185185 0.52734375 0.5244444444444445 0.5341796875 0.5274074074074074 0.5361328125 0.5318518518518518 0.521484375 0.5348148148148149 0.5166015625 0.5333333333333333 0.517578125 0.5214814814814814 0.5146484375 0.5155555555555555 0.51171875 0.5170370370370371 0.5068359375 0.5140740740740741 0.4853515625 0.5155555555555555 0.48046875 0.5111111111111111 0.46875 0.5125925925925926 0.4560546875 0.5111111111111111 0.4521484375 0.5081481481481481 0.44921875 0.5111111111111111 0.4365234375 0.5111111111111111 0.4326171875 0.5155555555555555 0.4111328125 0.5155555555555555 0.3974609375 0.5111111111111111 0.3916015625 0.5170370370370371 0.3798828125 0.5125925925925926 0.3759765625 0.5155555555555555 0.373046875 0.5140740740740741 0.3642578125 0.5170370370370371 0.3515625 0.5125925925925926 0.349609375 0.5022222222222222 0.388671875 0.49777777777777776 0.39453125 0.4948148148148148 0.3974609375 0.4874074074074074 0.400390625 0.4948148148148148 0.4091796875 0.4888888888888889 0.41796875 0.49037037037037035 0.419921875 0.49333333333333335 0.431640625 0.49333333333333335 0.439453125 0.49925925925925924 0.4443359375 0.49037037037037035 0.443359375 0.48444444444444446 0.4462890625 0.482962962962963 0.4462890625 0.4888888888888889 0.44921875 0.4962962962962963 0.4560546875 0.5007407407407407 0.458984375 0.49925925925925924 0.462890625 0.49037037037037035 0.466796875 0.4962962962962963 0.47265625 0.4874074074074074 0.4736328125 0.4785185185185185 0.470703125 0.4696296296296296 0.47265625 0.4622222222222222 0.46875 0.45925925925925926 0.4384765625 0.4562962962962963 0.4326171875 0.46074074074074073 0.41015625 0.46074074074074073 0.4091796875 0.4651851851851852 0.4111328125 0.4696296296296296 0.400390625 0.4696296296296296 0.3974609375 0.4725925925925926 0.396484375 0.4651851851851852 0.3935546875 0.46074074074074073 0.38671875 0.4577777777777778 0.3828125 0.4622222222222222 0.3798828125 0.46074074074074073 0.3701171875 0.46370370370370373 0.3525390625 0.46370370370370373 0.333984375 0.45925925925925926 0.31640625 0.46074074074074073 0.314453125 0.4577777777777778 0.3076171875 0.4622222222222222 0.296875 0.46074074074074073 0.29296875 0.46370370370370373 0.287109375 0.45185185185185184 0.2880859375 0.4474074074074074 0.3134765625 0.45037037037037037 0.369140625 0.45037037037037037 0.396484375 0.4444444444444444 0.4248046875 0.4474074074074074 0.4345703125 0.44296296296296295 0.443359375 0.4444444444444444 0.44921875 0.4414814814814815 0.4794921875 0.4414814814814815 0.494140625 0.4474074074074074 0.51171875 0.4474074074074074 0.5390625 0.44296296296296295 0.5625 0.44296296296296295 0.5693359375 0.44592592592592595 0.5712890625 0.44296296296296295 0.5791015625 0.4414814814814815 0.67578125 0.44
1 0.9501953125 0.6148148148148148 0.9755859375 0.6207407407407407 0.9990234375 0.6222222222222222 0.9990234375 0.6385185185185185 0.94140625 0.6296296296296297 0.9384765625 0.6237037037037036 0.9404296875 0.6162962962962963 0.94921875 0.6148148148148148
1 0.4599609375 0.6029629629629629 0.634765625 0.6074074074074074 0.646484375 0.6103703703703703 0.6474609375 0.6133333333333333 0.64453125 0.6177777777777778 0.5693359375 0.6133333333333333 0.521484375 0.6148148148148148 0.4169921875 0.6088888888888889 0.3681640625 0.6103703703703703 0.359375 0.6044444444444445 0.3603515625 0.6014814814814815 0.3681640625 0.6 0.458984375 0.6029629629629629
1 0.689453125 0.8103703703703704 0.7001953125 0.8088888888888889 0.7265625 0.8237037037037037 0.7734375 0.8444444444444444 0.787109375 0.8444444444444444 0.802734375 0.84 0.828125 0.84 0.828125 0.8503703703703703 0.8251953125 0.8562962962962963 0.7978515625 0.8548148148148148 0.765625 0.8592592592592593 0.7080078125 0.8281481481481482 0.693359375 0.8237037037037037 0.6904296875 0.8207407407407408 0.689453125 0.8118518518518518
1 0.6904296875 0.7155555555555555 0.693359375 0.7140740740740741 0.71484375 0.72 0.775390625 0.7422222222222222 0.8134765625 0.7362962962962963 0.82421875 0.7362962962962963 0.8271484375 0.7407407407407407 0.8251953125 0.7481481481481481 0.8212890625 0.7525925925925926 0.7939453125 0.7525925925925926 0.76953125 0.7570370370370371 0.734375 0.7451851851851852 0.720703125 0.7377777777777778 0.6943359375 0.7303703703703703 0.6884765625 0.7229629629629629 0.6904296875 0.717037037037037
1 0.5966796875 0.49925925925925924 0.685546875 0.5022222222222222 0.689453125 0.5051851851851852 0.693359375 0.5140740740740741 0.6923828125 0.5155555555555555 0.685546875 0.5111111111111111 0.67578125 0.5096296296296297 0.5380859375 0.5081481481481481 0.5361328125 0.5051851851851852 0.53125 0.5051851851851852 0.5390625 0.49925925925925924 0.595703125 0.49925925925925924
1 0 0.7881481481481482 0.0615234375 0.797037037037037 0.0654296875 0.8014814814814815 0.0634765625 0.8103703703703704 0.0400390625 0.8044444444444444 0 0.802962962962963 0 0.7896296296296297
1 0.9296875 0.6192592592592593 0.9326171875 0.6237037037037036 0.9326171875 0.6311111111111111 0.9296875 0.6340740740740741 0.8642578125 0.6385185185185185 0.8369140625 0.6385185185185185 0.8349609375 0.6370370370370371 0.8349609375 0.6266666666666667 0.8369140625 0.6237037037037036 0.87109375 0.6222222222222222 0.87890625 0.6192592592592593 0.9287109375 0.6192592592592593
1 0.3212890625 0.8266666666666667 0.32421875 0.8296296296296296 0.326171875 0.8488888888888889 0.3173828125 0.8622222222222222 0.310546875 0.8592592592592593 0.302734375 0.8637037037037038 0.29296875 0.8755555555555555 0.287109375 0.8770370370370371 0.275390625 0.8859259259259259 0.26953125 0.8859259259259259 0.26171875 0.8903703703703704 0.212890625 0.9244444444444444 0.18359375 0.9348148148148148 0.12109375 0.9185185185185185 0.095703125 0.9155555555555556 0.0888671875 0.9066666666666666 0.0888671875 0.8859259259259259 0.091796875 0.8814814814814815 0.115234375 0.8696296296296296 0.123046875 0.8696296296296296 0.126953125 0.8814814814814815 0.1318359375 0.8859259259259259 0.1396484375 0.8859259259259259 0.14453125 0.8903703703703704 0.154296875 0.8918518518518519 0.1650390625 0.8977777777777778 0.1728515625 0.8948148148148148 0.1796875 0.88 0.197265625 0.8814814814814815 0.212890625 0.8740740740740741 0.2255859375 0.8770370370370371 0.2373046875 0.8755555555555555 0.2626953125 0.8607407407407407 0.2724609375 0.8518518518518519 0.275390625 0.84 0.28125 0.8340740740740741 0.3017578125 0.8355555555555556 0.3203125 0.8266666666666667
1 0.974609375 0.7096296296296296 0.9990234375 0.7155555555555555 0.9990234375 0.7318518518518519 0.939453125 0.7155555555555555 0.9384765625 0.7066666666666667 0.94140625 0.7037037037037037 0.9736328125 0.7096296296296296