1 0.262 0.608 0.278 0.6186666666666667 0.294 0.624 0.298 0.632 0.314 0.648 0.324 0.6533333333333333 0.33 0.6613333333333333 0.33 0.6666666666666666 0.332 0.6693333333333333 0.342 0.6746666666666666 0.35 0.6853333333333333 0.358 0.6906666666666667 0.358 0.6986666666666667 0.366 0.712 0.376 0.72 0.384 0.7306666666666667 0.39 0.7333333333333333 0.404 0.752 0.408 0.752 0.42 0.7626666666666667 0.424 0.7706666666666667 0.428 0.7733333333333333 0.428 0.7786666666666666 0.422 0.7786666666666666 0.42 0.7813333333333333 0.424 0.7893333333333333 0.43 0.7946666666666666 0.436 0.7893333333333333 0.442 0.7893333333333333 0.444 0.7946666666666666 0.448 0.7946666666666666 0.456 0.8053333333333333 0.458 0.8133333333333334 0.462 0.816 0.47 0.8293333333333334 0.474 0.8266666666666667 0.48 0.832 0.488 0.832 0.49 0.8346666666666667 0.49 0.84 0.484 0.84 0.48 0.8453333333333334 0.484 0.8586666666666667 0.494 0.8586666666666667 0.496 0.856 0.506 0.8586666666666667 0.504 0.8693333333333333 0.498 0.8693333333333333 0.496 0.8746666666666667 0.486 0.872 0.478 0.856 0.466 0.8506666666666667 0.46 0.8426666666666667 0.456 0.8293333333333334 0.45 0.8293333333333334 0.444 0.8186666666666667 0.44 0.8186666666666667 0.43 0.8106666666666666 0.424 0.8 0.424 0.792 0.422 0.7893333333333333 0.42 0.7893333333333333 0.418 0.7946666666666666 0.414 0.7813333333333333 0.408 0.7813333333333333 0.398 0.768 0.376 0.7466666666666667 0.352 0.712 0.334 0.696 0.298 0.6533333333333333 0.282 0.64 0.282 0.6373333333333333 0.278 0.6346666666666667 0.278 0.632 0.266 0.616 0.264 0.616 0.262 0.6106666666666667
1 0.21 0.616 0.224 0.6266666666666667 0.234 0.6266666666666667 0.244 0.6426666666666667 0.246 0.648 0.244 0.6506666666666666 0.248 0.6586666666666666 0.256 0.664 0.258 0.6666666666666666 0.258 0.672 0.264 0.6773333333333333 0.292 0.7173333333333334 0.296 0.72 0.316 0.72 0.32 0.7253333333333334 0.322 0.7306666666666667 0.322 0.744 0.324 0.7466666666666667 0.324 0.768 0.33 0.7786666666666666 0.34 0.7813333333333333 0.35 0.7973333333333333 0.374 0.8026666666666666 0.378 0.8133333333333334 0.376 0.816 0.38 0.824 0.386 0.8293333333333334 0.39 0.8426666666666667 0.394 0.848 0.404 0.8533333333333334 0.416 0.8533333333333334 0.424 0.8613333333333333 0.43 0.872 0.442 0.8826666666666667 0.46 0.9066666666666666 0.462 0.912 0.462 0.928 0.474 0.944 0.476 0.944 0.476 0.9493333333333334 0.48 0.952 0.5 0.9813333333333333 0.506 0.992 0.504 0.9973333333333333 0.484 0.9946666666666667 0.482 0.992 0.484 0.9893333333333333 0.48 0.984 0.474 0.9786666666666667 0.47 0.9786666666666667 0.46 0.9653333333333334 0.458 0.9653333333333334 0.458 0.96 0.454 0.952 0.438 0.9413333333333334 0.432 0.928 0.42 0.9173333333333333 0.414 0.904 0.388 0.872 0.386 0.872 0.37 0.8453333333333334 0.364 0.8373333333333334 0.358 0.8346666666666667 0.358 0.832 0.342 0.8106666666666666 0.34 0.8106666666666666 0.324 0.7893333333333333 0.324 0.7866666666666666 0.32 0.784 0.32 0.7813333333333333 0.316 0.7786666666666666 0.304 0.7626666666666667 0.304 0.76 0.25 0.6906666666666667 0.242 0.6773333333333333 0.236 0.672 0.236 0.6693333333333333 0.212 0.6373333333333333 0.212 0.6346666666666667 0.208 0.632 0.204 0.624 0.204 0.6186666666666667 0.208 0.616
1 0.012 0.23733333333333334 0.024 0.248 0.028 0.248 0.046 0.2613333333333333 0.056 0.2613333333333333 0.062 0.26666666666666666 0.062 0.28 0.06 0.2853333333333333 0.054 0.2853333333333333 0.02 0.25866666666666666 0.006 0.24266666666666667 0.006 0.24 0.01 0.23733333333333334
1 0 0.3253333333333333 0.002 0.328 0.01 0.328 0.014 0.3253333333333333 0.02 0.3413333333333333 0.02 0.34933333333333333 0.024 0.3546666666666667 0.028 0.3546666666666667 0.028 0.3626666666666667 0.026 0.36533333333333334 0.022 0.36533333333333334 0 0.33866666666666667 0 0.328
1 0.12 0.21066666666666667 0.14 0.21066666666666667 0.15 0.216 0.166 0.21866666666666668 0.216 0.24266666666666667 0.224 0.24266666666666667 0.226 0.24533333333333332 0.24 0.248 0.242 0.25066666666666665 0.252 0.25333333333333335 0.262 0.2613333333333333 0.268 0.2613333333333333 0.274 0.26666666666666666 0.296 0.272 0.31 0.2826666666666667 0.328 0.2826666666666667 0.33 0.2853333333333333 0.334 0.2826666666666667 0.338 0.288 0.352 0.29333333333333333 0.364 0.304 0.384 0.30933333333333335 0.39 0.31466666666666665 0.396 0.31466666666666665 0.404 0.32 0.424 0.32266666666666666 0.43 0.328 0.436 0.328 0.438 0.33066666666666666 0.46 0.33066666666666666 0.462 0.3333333333333333 0.468 0.3333333333333333 0.468 0.33866666666666667 0.47 0.3413333333333333 0.488 0.344 0.488 0.34933333333333333 0.498 0.35733333333333334 0.518 0.36 0.524 0.3546666666666667 0.528 0.3546666666666667 0.532 0.36533333333333334 0.536 0.368 0.538 0.3626666666666667 0.546 0.37066666666666664 0.55 0.37866666666666665 0.564 0.38133333333333336 0.572 0.38666666666666666 0.59 0.3893333333333333 0.604 0.4 0.616 0.4026666666666667 0.636 0.41333333333333333 0.642 0.41333333333333333 0.654 0.42133333333333334 0.662 0.42133333333333334 0.676 0.432 0.696 0.43466666666666665 0.698 0.43733333333333335 0.7 0.43466666666666665 0.704 0.43466666666666665 0.716 0.448 0.744 0.448 0.746 0.44533333333333336 0.75 0.44533333333333336 0.754 0.448 0.76 0.4613333333333333 0.78 0.4693333333333333 0.794 0.48 0.814 0.47733333333333333 0.816 0.4746666666666667 0.832 0.4746666666666667 0.842 0.48 0.844 0.48533333333333334 0.838 0.49066666666666664 0.83 0.49066666666666664 0.828 0.49333333333333335 0.83 0.496 0.852 0.496 0.854 0.49866666666666665 0.86 0.496 0.862 0.49866666666666665 0.868 0.49866666666666665 0.872 0.504 0.872 0.5093333333333333 0.884 0.5226666666666666 0.884 0.5386666666666666 0.876 0.56 0.874 0.5733333333333334 0.872 0.576 0.87 0.5733333333333334 0.864 0.5733333333333334 0.846 0.5626666666666666 0.836 0.56 0.83 0.5546666666666666 0.826 0.5546666666666666 0.818 0.5493333333333333 0.812 0.5493333333333333 0.802 0.5413333333333333 0.79 0.5386666666666666 0.772 0.528 0.762 0.5253333333333333 0.756 0.52 0.75 0.52 0.744 0.5146666666666667 0.734 0.512 0.728 0.5066666666666667 0.716 0.504 0.706 0.496 0.702 0.496 0.688 0.488 0.682 0.488 0.67 0.48 0.664 0.48 0.644 0.4666666666666667 0.626 0.4613333333333333 0.612 0.45066666666666666 0.598 0.448 0.576 0.43466666666666665 0.57 0.43466666666666665 0.552 0.424 0.548 0.424 0.54 0.4186666666666667 0.534 0.4186666666666667 0.528 0.41333333333333333 0.512 0.408 0.502 0.4 0.466 0.38666666666666666 0.46 0.38133333333333336 0.45 0.37866666666666665 0.446 0.37333333333333335 0.44 0.37333333333333335 0.438 0.37066666666666664 0.392 0.352 0.386 0.3466666666666667 0.37 0.3413333333333333 0.36 0.3333333333333333 0.344 0.328 0.334 0.32 0.32 0.31733333333333336 0.318 0.31466666666666665 0.296 0.30666666666666664 0.29 0.30133333333333334 0.28 0.2986666666666667 0.274 0.29333333333333333 0.268 0.29333333333333333 0.258 0.2853333333333333 0.252 0.2853333333333333 0.25 0.2826666666666667 0.24 0.28 0.224 0.2693333333333333 0.218 0.2693333333333333 0.156 0.24 0.15 0.24 0.144 0.23466666666666666 0.13 0.22933333333333333 0.12 0.21333333333333335
1 0 0.4026666666666667 0.002 0.4026666666666667 0.014 0.4186666666666667 0.016 0.424 0.022 0.4266666666666667 0.024 0.432 0.024 0.4533333333333333 0.026 0.456 0.026 0.45866666666666667 0.02 0.456 0.008 0.43733333333333335 0 0.42133333333333334 0 0.4053333333333333
1 0.112 0.6293333333333333 0.12 0.624 0.126 0.624 0.132 0.632 0.132 0.6373333333333333 0.14 0.6426666666666667 0.152 0.664 0.164 0.672 0.164 0.6773333333333333 0.168 0.6853333333333333 0.168 0.6933333333333334 0.172 0.6986666666666667 0.174 0.7066666666666667 0.192 0.7226666666666667 0.196 0.7253333333333334 0.206 0.7173333333333334 0.214 0.7173333333333334 0.222 0.712 0.238 0.712 0.258 0.736 0.258 0.752 0.246 0.776 0.248 0.7786666666666666 0.248 0.792 0.25 0.7946666666666666 0.252 0.808 0.258 0.8186666666666667 0.258 0.824 0.262 0.8293333333333334 0.262 0.8346666666666667 0.268 0.8426666666666667 0.272 0.8533333333333334 0.272 0.8586666666666667 0.278 0.864 0.282 0.8826666666666667 0.296 0.8986666666666666 0.298 0.9066666666666666 0.306 0.9173333333333333 0.306 0.9306666666666666 0.306 0.928 0.3 0.9226666666666666 0.286 0.8986666666666666 0.282 0.896 0.258 0.8533333333333334 0.248 0.84 0.216 0.784 0.198 0.7573333333333333 0.192 0.744 0.174 0.7173333333333334 0.172 0.7093333333333334 0.164 0.696 0.156 0.688 0.152 0.6773333333333333 0.132 0.6506666666666666 0.128 0.64 0.122 0.632 0.112 0.632
1 0.074 0.248 0.082 0.2613333333333333 0.082 0.28 0.076 0.28 0.056 0.2613333333333333 0.056 0.25066666666666665 0.06 0.24533333333333332 0.072 0.248
1 0 0.168 0.008 0.168 0.01 0.17066666666666666 0.02 0.17333333333333334 0.036 0.184 0.048 0.18666666666666668 0.056 0.19466666666666665 0.05 0.20533333333333334 0.042 0.20533333333333334 0.028 0.19466666666666665 0.024 0.19466666666666665 0.018 0.18933333333333333 0.014 0.18933333333333333 0.008 0.184 0 0.18133333333333335 0 0.17066666666666666
1 0.174 0.712 0.182 0.712 0.196 0.7253333333333334 0.206 0.7173333333333334 0.212 0.7173333333333334 0.222 0.712 0.238 0.712 0.24 0.7173333333333334 0.258 0.7386666666666667 0.258 0.752 0.246 0.776 0.248 0.7786666666666666 0.25 0.8026666666666666 0.258 0.8186666666666667 0.258 0.824 0.262 0.8293333333333334 0.264 0.84 0.27 0.8453333333333334 0.272 0.8586666666666667 0.278 0.864 0.28 0.8773333333333333 0.296 0.8986666666666666 0.298 0.9093333333333333 0.306 0.92 0.306 0.928 0.296 0.9146666666666666 0.296 0.912 0.292 0.9093333333333333 0.29 0.9013333333333333 0.282 0.8933333333333333 0.264 0.8613333333333333 0.244 0.832 0.234 0.8106666666666666 0.224 0.7973333333333333 0.22 0.7866666666666666 0.216 0.784 0.216 0.7813333333333333 0.206 0.768 0.198 0.7546666666666667 0.196 0.7466666666666667 0.184 0.7306666666666667 0.176 0.7146666666666667
1 0.174 0.712 0.18 0.712 0.194 0.7253333333333334 0.198 0.7253333333333334 0.204 0.72 0.21 0.72 0.224 0.712 0.236 0.712 0.246 0.7253333333333334 0.248 0.7253333333333334 0.254 0.7333333333333333 0.25 0.7333333333333333 0.246 0.7413333333333333 0.242 0.7413333333333333 0.246 0.7333333333333333 0.242 0.728 0.238 0.728 0.23 0.7226666666666667 0.22 0.728 0.22 0.7333333333333333 0.222 0.736 0.23 0.736 0.23 0.7573333333333333 0.226 0.7626666666666667 0.23 0.768 0.23 0.7733333333333333 0.234 0.7813333333333333 0.238 0.7813333333333333 0.242 0.7866666666666666 0.246 0.784 0.248 0.7866666666666666 0.248 0.8 0.254 0.8106666666666666 0.254 0.816 0.258 0.8213333333333334 0.262 0.84 0.264 0.8426666666666667 0.268 0.8426666666666667 0.27 0.856 0.28 0.872 0.28 0.88 0.292 0.8933333333333333 0.298 0.9093333333333333 0.306 0.92 0.306 0.9253333333333333 0.304 0.9253333333333333 0.272 0.8773333333333333 0.26 0.8533333333333334 0.246 0.8346666666666667 0.234 0.8106666666666666 0.206 0.768 0.176 0.7146666666666667
1 0.006 0.23733333333333334 0.012 0.23733333333333334 0.024 0.248 0.038 0.25333333333333335 0.046 0.2613333333333333 0.052 0.2613333333333333 0.056 0.248 0.06 0.24533333333333332 0.072 0.248 0.078 0.25333333333333335 0.082 0.264 0.08 0.28 0.066 0.272 0.06 0.288 0.056 0.288 0.046 0.2773333333333333 0.032 0.2693333333333333 0.014 0.25066666666666665 0.006 0.24533333333333332 0.006 0.24
1 0.126 0.6266666666666667 0.132 0.632 0.132 0.6373333333333333 0.134 0.64 0.14 0.6426666666666667 0.152 0.664 0.164 0.672 0.164 0.68 0.168 0.6853333333333333 0.168 0.6933333333333334 0.176 0.7093333333333334 0.182 0.712 0.196 0.7253333333333334 0.224 0.712 0.238 0.712 0.238 0.7146666666666667 0.258 0.7386666666666667 0.258 0.7493333333333333 0.252 0.7653333333333333 0.24 0.7786666666666666 0.242 0.7813333333333333 0.246 0.7786666666666666 0.248 0.7813333333333333 0.25 0.8026666666666666 0.258 0.824 0.262 0.8293333333333334 0.264 0.84 0.268 0.8426666666666667 0.272 0.8586666666666667 0.278 0.8666666666666667 0.28 0.88 0.294 0.896 0.302 0.9146666666666666 0.306 0.9173333333333333 0.306 0.9253333333333333 0.304 0.9253333333333333 0.296 0.912 0.288 0.904 0.272 0.8746666666666667 0.268 0.872 0.26 0.856 0.248 0.84 0.244 0.8293333333333334 0.216 0.7866666666666666 0.188 0.736 0.184 0.7333333333333333 0.176 0.72 0.172 0.712 0.174 0.7093333333333334 0.164 0.6986666666666667 0.154 0.68 0.134 0.6533333333333333 0.126 0.6346666666666667 0.124 0.632 0.114 0.632 0.114 0.6293333333333333 0.124 0.6266666666666667
1 0.146 0.10666666666666667 0.148 0.10933333333333334 0.162 0.10933333333333334 0.164 0.112 0.19 0.112 0.192 0.11466666666666667 0.204 0.11466666666666667 0.206 0.11733333333333333 0.23 0.11733333333333333 0.232 0.12 0.256 0.12 0.258 0.12266666666666666 0.282 0.12266666666666666 0.284 0.12533333333333332 0.308 0.12533333333333332 0.31 0.128 0.36 0.128 0.362 0.13066666666666665 0.388 0.13066666666666665 0.39 0.13333333333333333 0.398 0.13333333333333333 0.4 0.136 0.424 0.136 0.426 0.13866666666666666 0.444 0.13866666666666666 0.446 0.14133333333333334 0.458 0.14133333333333334 0.46 0.144 0.518 0.14933333333333335 0.52 0.152 0.574 0.15466666666666667 0.576 0.15733333333333333 0.59 0.15733333333333333 0.592 0.16 0.644 0.16266666666666665 0.646 0.16533333333333333 0.664 0.16533333333333333 0.666 0.168 0.682 0.168 0.684 0.17066666666666666 0.744 0.17333333333333334 0.746 0.176 0.766 0.176 0.768 0.17866666666666667 0.788 0.17866666666666667 0.79 0.18133333333333335 0.822 0.18133333333333335 0.824 0.184 0.874 0.18666666666666668 0.876 0.18933333333333333 0.88 0.18666666666666668 0.882 0.18933333333333333 0.914 0.192 0.916 0.19466666666666665 0.914 0.22666666666666666 0.912 0.22933333333333333 0.912 0.23733333333333334 0.91 0.24 0.91 0.248 0.906 0.2613333333333333 0.892 0.2613333333333333 0.89 0.25866666666666666 0.866 0.256 0.864 0.25333333333333335 0.832 0.25066666666666665 0.83 0.248 0.804 0.24533333333333332 0.802 0.24266666666666667 0.792 0.24266666666666667 0.79 0.24 0.78 0.24 0.778 0.23733333333333334 0.766 0.23733333333333334 0.764 0.23466666666666666 0.746 0.23466666666666666 0.744 0.232 0.728 0.232 0.726 0.22933333333333333 0.696 0.22666666666666666 0.694 0.224 0.682 0.224 0.68 0.22133333333333333 0.664 0.22133333333333333 0.662 0.21866666666666668 0.616 0.21333333333333335 0.614 0.21066666666666667 0.606 0.21066666666666667 0.604 0.208 0.562 0.20533333333333334 0.56 0.20266666666666666 0.534 0.2 0.532 0.19733333333333333 0.522 0.19733333333333333 0.52 0.19466666666666665 0.484 0.192 0.474 0.18666666666666668 0.446 0.184 0.444 0.18133333333333335 0.428 0.18133333333333335 0.426 0.17866666666666667 0.412 0.17866666666666667 0.41 0.176 0.4 0.176 0.398 0.17333333333333334 0.384 0.17333333333333334 0.382 0.17066666666666666 0.37 0.17066666666666666 0.368 0.168 0.358 0.168 0.356 0.16533333333333333 0.346 0.16533333333333333 0.344 0.16266666666666665 0.328 0.16266666666666665 0.326 0.16 0.314 0.16 0.312 0.15733333333333333 0.294 0.15733333333333333 0.292 0.15466666666666667 0.28 0.15466666666666667 0.278 0.152 0.266 0.152 0.264 0.14933333333333335 0.246 0.14933333333333335 0.244 0.14666666666666667 0.236 0.14666666666666667 0.234 0.144 0.22 0.144 0.218 0.14133333333333334 0.2 0.14133333333333334 0.198 0.13866666666666666 0.178 0.13866666666666666 0.176 0.136 0.16 0.136 0.158 0.13333333333333333 0.126 0.13066666666666665 0.116 0.12533333333333332 0.108 0.10933333333333334 0.11 0.10666666666666667 0.144 0.10666666666666667
1 0.068 0.32 0.078 0.32266666666666666 0.086 0.3333333333333333 0.092 0.3466666666666667 0.092 0.352 0.088 0.3546666666666667 0.072 0.3413333333333333 0.068 0.3333333333333333 0.068 0.32266666666666666
1 0.598 0.16266666666666665 0.618 0.16266666666666665 0.62 0.16533333333333333 0.634 0.16533333333333333 0.636 0.168 0.646 0.168 0.648 0.17066666666666666 0.688 0.17066666666666666 0.692 0.176 0.694 0.17333333333333334 0.702 0.17333333333333334 0.704 0.176 0.738 0.176 0.74 0.17866666666666667 0.77 0.17866666666666667 0.772 0.18133333333333335 0.796 0.18133333333333335 0.798 0.184 0.82 0.184 0.822 0.18666666666666668 0.854 0.18666666666666668 0.856 0.18933333333333333 0.87 0.18933333333333333 0.872 0.192 0.878 0.192 0.88 0.18933333333333333 0.882 0.192 0.906 0.192 0.914 0.19733333333333333 0.914 0.22133333333333333 0.91 0.232 0.91 0.24266666666666667 0.908 0.24533333333333332 0.906 0.25866666666666666 0.904 0.2613333333333333 0.9 0.2613333333333333 0.898 0.25866666666666666 0.886 0.256 0.886 0.25066666666666665 0.89 0.24533333333333332 0.89 0.232 0.888 0.22933333333333333 0.884 0.22933333333333333 0.88 0.23466666666666666 0.88 0.24533333333333332 0.876 0.25333333333333335 0.844 0.25066666666666665 0.836 0.24533333333333332 0.842 0.24533333333333332 0.844 0.24266666666666667 0.842 0.24 0.838 0.24 0.838 0.23466666666666666 0.834 0.22933333333333333 0.83 0.22933333333333333 0.826 0.24 0.828 0.24533333333333332 0.832 0.24533333333333332 0.816 0.24533333333333332 0.814 0.24266666666666667 0.79 0.24 0.786 0.232 0.798 0.232 0.8 0.23466666666666666 0.814 0.23733333333333334 0.818 0.22933333333333333 0.818 0.224 0.826 0.22133333333333333 0.83 0.22666666666666666 0.834 0.22666666666666666 0.838 0.22133333333333333 0.834 0.21333333333333335 0.83 0.21333333333333335 0.828 0.216 0.804 0.216 0.802 0.21333333333333335 0.792 0.21333333333333335 0.794 0.208 0.8 0.21333333333333335 0.802 0.21066666666666667 0.802 0.20533333333333334 0.808 0.20533333333333334 0.81 0.20266666666666666 0.814 0.20533333333333334 0.816 0.2 0.812 0.19466666666666665 0.81 0.19733333333333333 0.808 0.19466666666666665 0.796 0.19466666666666665 0.794 0.18933333333333333 0.788 0.18933333333333333 0.776 0.18133333333333335 0.772 0.184 0.77 0.18133333333333335 0.766 0.184 0.762 0.18133333333333335 0.754 0.18133333333333335 0.752 0.184 0.752 0.192 0.754 0.19466666666666665 0.758 0.192 0.778 0.192 0.78 0.19466666666666665 0.784 0.19466666666666665 0.778 0.2 0.776 0.19733333333333333 0.76 0.19733333333333333 0.758 0.20266666666666666 0.752 0.20266666666666666 0.75 0.20533333333333334 0.754 0.208 0.754 0.21066666666666667 0.746 0.21066666666666667 0.736 0.22133333333333333 0.738 0.224 0.744 0.224 0.744 0.22933333333333333 0.722 0.22933333333333333 0.714 0.224 0.7 0.224 0.698 0.22133333333333333 0.686 0.22133333333333333 0.684 0.21866666666666668 0.664 0.21866666666666668 0.69 0.21866666666666668 0.692 0.216 0.692 0.21066666666666667 0.698 0.20533333333333334 0.696 0.20266666666666666 0.688 0.20266666666666666 0.686 0.208 0.684 0.208 0.682 0.20266666666666666 0.672 0.20266666666666666 0.668 0.2 0.668 0.19733333333333333 0.674 0.19466666666666665 0.68 0.18666666666666668 0.678 0.18133333333333335 0.672 0.18133333333333335 0.67 0.176 0.662 0.184 0.662 0.192 0.664 0.19466666666666665 0.656 0.19466666666666665 0.65 0.17866666666666667 0.646 0.17333333333333334 0.644 0.17333333333333334 0.64 0.17866666666666667 0.64 0.184 0.632 0.192 0.632 0.19733333333333333 0.634 0.2 0.642 0.2 0.648 0.20533333333333334 0.648 0.21333333333333335 0.65 0.216 0.652 0.21333333333333335 0.656 0.21333333333333335 0.656 0.216 0.65 0.216 0.648 0.21333333333333335 0.644 0.216 0.642 0.21333333333333335 0.626 0.21333333333333335 0.624 0.21066666666666667 0.616 0.21066666666666667 0.614 0.208 0.606 0.208 0.604 0.20533333333333334 0.58 0.20533333333333334 0.584 0.20533333333333334 0.588 0.19733333333333333 0.59 0.19733333333333333 0.592 0.20266666666666666 0.606 0.20266666666666666 0.608 0.2 0.608 0.19466666666666665 0.612 0.18933333333333333 0.608 0.184 0.606 0.18666666666666668 0.604 0.184 0.608 0.18133333333333335 0.61 0.184 0.614 0.184 0.618 0.17866666666666667 0.614 0.17333333333333334 0.61 0.17333333333333334 0.608 0.176 0.604 0.168 0.6 0.168 0.598 0.16533333333333333
1 0.594 0.616 0.598 0.6133333333333333 0.602 0.6213333333333333 0.61 0.6213333333333333 0.616 0.6293333333333333 0.624 0.632 0.618 0.632 0.616 0.6346666666666667 0.62 0.6426666666666667 0.624 0.64 0.628 0.6426666666666667 0.646 0.6426666666666667 0.66 0.6586666666666666 0.668 0.6613333333333333 0.666 0.6666666666666666 0.676 0.6826666666666666 0.682 0.6826666666666666 0.684 0.6853333333333333 0.688 0.6826666666666666 0.694 0.672 0.704 0.6826666666666666 0.708 0.6826666666666666 0.71 0.6853333333333333 0.708 0.688 0.712 0.6933333333333334 0.71 0.6986666666666667 0.712 0.7013333333333334 0.716 0.7013333333333334 0.718 0.704 0.724 0.7013333333333334 0.73 0.7066666666666667 0.738 0.7066666666666667 0.742 0.7093333333333334 0.746 0.7173333333333334 0.752 0.7146666666666667 0.752 0.7226666666666667 0.754 0.7253333333333334 0.758 0.7253333333333334 0.76 0.7306666666666667 0.78 0.7333333333333333 0.782 0.736 0.784 0.7333333333333333 0.784 0.728 0.788 0.728 0.794 0.7226666666666667 0.798 0.7226666666666667 0.796 0.7226666666666667 0.794 0.728 0.796 0.7306666666666667 0.8 0.7306666666666667 0.806 0.7226666666666667 0.802 0.7173333333333334 0.802 0.712 0.81 0.712 0.816 0.72 0.822 0.72 0.828 0.7253333333333334 0.832 0.7253333333333334 0.838 0.7306666666666667 0.842 0.7386666666666667 0.848 0.7386666666666667 0.85 0.736 0.858 0.7413333333333333 0.862 0.7386666666666667 0.86 0.744 0.862 0.752 0.858 0.7573333333333333 0.858 0.7653333333333333 0.856 0.768 0.856 0.784 0.852 0.7893333333333333 0.856 0.7946666666666666 0.854 0.8026666666666666 0.864 0.8186666666666667 0.864 0.8293333333333334 0.868 0.8346666666666667 0.866 0.8426666666666667 0.86 0.8426666666666667 0.854 0.8373333333333334 0.85 0.8373333333333334 0.834 0.8213333333333334 0.82 0.816 0.812 0.8053333333333333 0.808 0.8053333333333333 0.802 0.7946666666666666 0.796 0.7946666666666666 0.79 0.7893333333333333 0.786 0.7893333333333333 0.778 0.7813333333333333 0.764 0.7733333333333333 0.752 0.76 0.748 0.76 0.752 0.7573333333333333 0.75 0.7546666666666667 0.754 0.7546666666666667 0.756 0.76 0.76 0.7573333333333333 0.76 0.7493333333333333 0.762 0.7466666666666667 0.758 0.7386666666666667 0.75 0.7413333333333333 0.748 0.736 0.744 0.7413333333333333 0.746 0.744 0.744 0.7466666666666667 0.746 0.7493333333333333 0.746 0.7546666666666667 0.744 0.7573333333333333 0.742 0.7546666666666667 0.738 0.7546666666666667 0.734 0.7493333333333333 0.728 0.7466666666666667 0.732 0.744 0.73 0.7413333333333333 0.724 0.7413333333333333 0.72 0.7333333333333333 0.718 0.736 0.71 0.7333333333333333 0.71 0.7306666666666667 0.706 0.7253333333333334 0.702 0.7253333333333334 0.7 0.72 0.696 0.7226666666666667 0.692 0.72 0.688 0.7146666666666667 0.688 0.7066666666666667 0.686 0.704 0.682 0.7093333333333334 0.678 0.704 0.67 0.704 0.652 0.6906666666666667 0.65 0.6853333333333333 0.644 0.6853333333333333 0.628 0.6746666666666666 0.622 0.6666666666666666 0.614 0.664 0.61 0.656 0.606 0.656 0.602 0.6506666666666666 0.596 0.6506666666666666 0.592 0.6453333333333333 0.586 0.6426666666666667 0.58 0.6346666666666667 0.584 0.6346666666666667 0.588 0.624 0.592 0.624 0.596 0.6186666666666667
1 0.042 0.32266666666666666 0.046 0.3253333333333333 0.046 0.328 0.062 0.34933333333333333 0.072 0.352 0.074 0.37333333333333335 0.064 0.37066666666666664 0.034 0.3333333333333333 0.032 0.3333333333333333 0.03 0.32266666666666666 0.032 0.32 0.038 0.32 0.04 0.32266666666666666
1 0.028 0.37066666666666664 0.032 0.37066666666666664 0.042 0.38666666666666666 0.05 0.392 0.056 0.392 0.056 0.3973333333333333 0.06 0.408 0.068 0.4186666666666667 0.068 0.424 0.076 0.42933333333333334 0.074 0.43466666666666665 0.064 0.43733333333333335 0.054 0.424 0.05 0.41333333333333333 0.028 0.384 0.028 0.37333333333333335
1 0 0.024 0.01 0.021333333333333333 0.012 0.018666666666666668 0.026 0.018666666666666668 0.028 0.016 0.042 0.013333333333333334 0.044 0.010666666666666666 0.058 0.010666666666666666 0.062 0.018666666666666668 0.062 0.029333333333333333 0.06 0.032 0.026 0.034666666666666665 0.012 0.058666666666666666 0.006 0.05333333333333334 0 0.05333333333333334 0 0.02666666666666667
1 0.378 0.13333333333333333 0.384 0.13866666666666666 0.384 0.14933333333333335 0.39 0.15466666666666667 0.392 0.152 0.396 0.15733333333333333 0.404 0.14933333333333335 0.402 0.14666666666666667 0.394 0.14666666666666667 0.39 0.13866666666666666 0.394 0.13866666666666666 0.396 0.14133333333333334 0.406 0.13866666666666666 0.414 0.144 0.416 0.14133333333333334 0.42 0.14133333333333334 0.424 0.144 0.422 0.14666666666666667 0.424 0.152 0.422 0.15466666666666667 0.422 0.16 0.424 0.16266666666666665 0.426 0.16 0.43 0.16 0.428 0.16533333333333333 0.424 0.16266666666666665 0.418 0.17333333333333334 0.4 0.17333333333333334 0.394 0.168 0.388 0.17066666666666666 0.386 0.168 0.366 0.16533333333333333 0.362 0.15733333333333333 0.354 0.16266666666666665 0.346 0.16266666666666665 0.34 0.152 0.334 0.152 0.334 0.14933333333333335 0.338 0.152 0.348 0.14133333333333334 0.342 0.136 0.338 0.13866666666666666 0.334 0.136 0.332 0.13866666666666666 0.328 0.13866666666666666 0.326 0.136 0.328 0.13333333333333333 0.332 0.136 0.344 0.13333333333333333 0.354 0.13866666666666666 0.358 0.13866666666666666 0.36 0.136 0.376 0.136
1 0.132 0.304 0.146 0.30666666666666664 0.15 0.312 0.158 0.31466666666666665 0.194 0.33866666666666667 0.198 0.344 0.218 0.352 0.222 0.35733333333333334 0.232 0.36 0.24 0.37066666666666664 0.252 0.37866666666666665 0.262 0.37866666666666665 0.276 0.38666666666666666 0.28 0.392 0.286 0.392 0.292 0.4 0.302 0.4053333333333333 0.306 0.4106666666666667 0.312 0.4106666666666667 0.322 0.42133333333333334 0.342 0.42933333333333334 0.36 0.448 0.364 0.448 0.372 0.456 0.384 0.45866666666666667 0.414 0.4826666666666667 0.422 0.4826666666666667 0.428 0.488 0.438 0.49066666666666664 0.442 0.496 0.462 0.5013333333333333 0.476 0.512 0.482 0.52 0.498 0.5173333333333333 0.502 0.5226666666666666 0.506 0.5226666666666666 0.508 0.5253333333333333 0.516 0.5253333333333333 0.518 0.528 0.522 0.528 0.524 0.5253333333333333 0.53 0.5306666666666666 0.532 0.536 0.534 0.5333333333333333 0.536 0.536 0.536 0.5413333333333333 0.544 0.5493333333333333 0.544 0.5546666666666666 0.548 0.56 0.552 0.5573333333333333 0.558 0.5626666666666666 0.566 0.5813333333333334 0.57 0.584 0.58 0.5813333333333334 0.582 0.5893333333333334 0.594 0.6026666666666667 0.602 0.6026666666666667 0.606 0.6 0.616 0.6053333333333333 0.618 0.6186666666666667 0.624 0.6266666666666667 0.638 0.6346666666666667 0.642 0.64 0.646 0.64 0.648 0.6426666666666667 0.666 0.6426666666666667 0.678 0.6613333333333333 0.686 0.6613333333333333 0.688 0.6586666666666666 0.698 0.6613333333333333 0.706 0.6773333333333333 0.71 0.6773333333333333 0.712 0.6746666666666666 0.72 0.6773333333333333 0.734 0.7013333333333334 0.748 0.704 0.76 0.696 0.766 0.696 0.772 0.7013333333333334 0.77 0.704 0.77 0.7093333333333334 0.772 0.712 0.772 0.7173333333333334 0.776 0.7226666666666667 0.78 0.7226666666666667 0.784 0.7173333333333334 0.786 0.712 0.784 0.7066666666666667 0.786 0.704 0.798 0.704 0.808 0.712 0.814 0.712 0.824 0.72 0.828 0.72 0.832 0.7253333333333334 0.844 0.7333333333333333 0.864 0.7333333333333333 0.864 0.7493333333333333 0.856 0.7733333333333333 0.856 0.784 0.858 0.7866666666666666 0.86 0.8053333333333333 0.864 0.816 0.864 0.8293333333333334 0.868 0.8426666666666667 0.866 0.8453333333333334 0.862 0.8453333333333334 0.86 0.8426666666666667 0.856 0.8426666666666667 0.852 0.8373333333333334 0.848 0.8373333333333334 0.838 0.8266666666666667 0.768 0.7786666666666666 0.75 0.7626666666666667 0.746 0.7626666666666667 0.73 0.752 0.726 0.7466666666666667 0.716 0.7413333333333333 0.71 0.7333333333333333 0.706 0.7333333333333333 0.702 0.728 0.674 0.7093333333333334 0.656 0.6933333333333334 0.618 0.6693333333333333 0.608 0.6586666666666666 0.578 0.64 0.574 0.6346666666666667 0.566 0.6293333333333333 0.562 0.6293333333333333 0.556 0.6213333333333333 0.534 0.608 0.526 0.5973333333333334 0.52 0.5973333333333334 0.496 0.576 0.492 0.576 0.48 0.568 0.476 0.5626666666666666 0.472 0.5626666666666666 0.456 0.552 0.45 0.544 0.42 0.5253333333333333 0.416 0.52 0.408 0.5146666666666667 0.404 0.5146666666666667 0.384 0.496 0.372 0.488 0.368 0.488 0.348 0.4693333333333333 0.344 0.4693333333333333 0.338 0.4613333333333333 0.332 0.4613333333333333 0.316 0.45066666666666666 0.302 0.43733333333333335 0.278 0.424 0.274 0.4186666666666667 0.254 0.4053333333333333 0.248 0.3973333333333333 0.244 0.3973333333333333 0.234 0.3893333333333333 0.23 0.3893333333333333 0.226 0.384 0.208 0.37333333333333335 0.204 0.368 0.2 0.368 0.192 0.3626666666666667 0.176 0.3466666666666667 0.172 0.3466666666666667 0.138 0.32266666666666666 0.132 0.31466666666666665 0.132 0.30666666666666664
1 0.384 0.5946666666666667 0.384 0.6 0.386 0.6026666666666667 0.39 0.6026666666666667 0.392 0.6053333333333333 0.396 0.6026666666666667 0.406 0.6213333333333333 0.424 0.6373333333333333 0.428 0.6453333333333333 0.43 0.6426666666666667 0.434 0.6426666666666667 0.452 0.6693333333333333 0.456 0.672 0.458 0.6693333333333333 0.464 0.6693333333333333 0.474 0.68 0.48 0.6826666666666666 0.49 0.696 0.492 0.696 0.498 0.7066666666666667 0.502 0.7066666666666667 0.514 0.7173333333333334 0.528 0.7386666666666667 0.544 0.7386666666666667 0.544 0.7413333333333333 0.554 0.752 0.566 0.76 0.572 0.768 0.572 0.776 0.574 0.7786666666666666 0.58 0.7733333333333333 0.58 0.776 0.584 0.7786666666666666 0.584 0.7813333333333333 0.588 0.784 0.598 0.8 0.612 0.8 0.62 0.816 0.628 0.8213333333333334 0.638 0.8213333333333334 0.642 0.8266666666666667 0.642 0.832 0.648 0.8453333333333334 0.658 0.856 0.664 0.856 0.67 0.8613333333333333 0.676 0.8613333333333333 0.678 0.864 0.682 0.8613333333333333 0.686 0.8666666666666667 0.706 0.88 0.712 0.8906666666666667 0.716 0.8906666666666667 0.72 0.896 0.728 0.8986666666666666 0.734 0.904 0.738 0.9013333333333333 0.746 0.9013333333333333 0.756 0.912 0.762 0.9146666666666666 0.77 0.9253333333333333 0.774 0.9253333333333333 0.78 0.9333333333333333 0.78 0.9386666666666666 0.778 0.9413333333333334 0.78 0.944 0.78 0.96 0.788 0.9706666666666667 0.792 0.9706666666666667 0.804 0.9786666666666667 0.808 0.9866666666666667 0.814 0.9866666666666667 0.816 0.9893333333333333 0.828 0.9813333333333333 0.834 0.9813333333333333 0.842 0.9733333333333334 0.85 0.9706666666666667 0.86 0.9813333333333333 0.86 0.9866666666666667 0.85 0.9946666666666667 0.804 0.992 0.806 0.9893333333333333 0.804 0.9866666666666667 0.788 0.9866666666666667 0.786 0.992 0.782 0.9893333333333333 0.778 0.992 0.77 0.992 0.768 0.9866666666666667 0.762 0.9866666666666667 0.756 0.9786666666666667 0.75 0.9733333333333334 0.746 0.9733333333333334 0.74 0.9653333333333334 0.736 0.9653333333333334 0.726 0.9573333333333334 0.722 0.9573333333333334 0.702 0.9333333333333333 0.696 0.9306666666666666 0.69 0.9226666666666666 0.68 0.9173333333333333 0.678 0.912 0.662 0.8933333333333333 0.65 0.888 0.648 0.8826666666666667 0.642 0.8746666666666667 0.636 0.872 0.634 0.8666666666666667 0.63 0.8666666666666667 0.622 0.8613333333333333 0.604 0.8346666666666667 0.6 0.832 0.598 0.8346666666666667 0.586 0.8213333333333334 0.578 0.8186666666666667 0.574 0.8106666666666666 0.562 0.8026666666666666 0.554 0.7893333333333333 0.536 0.7786666666666666 0.526 0.7626666666666667 0.518 0.76 0.508 0.7413333333333333 0.506 0.744 0.502 0.744 0.498 0.7413333333333333 0.496 0.736 0.476 0.72 0.462 0.696 0.456 0.6906666666666667 0.446 0.6906666666666667 0.438 0.68 0.434 0.68 0.43 0.6746666666666666 0.434 0.6666666666666666 0.432 0.6613333333333333 0.428 0.664 0.426 0.6613333333333333 0.418 0.664 0.412 0.6533333333333333 0.404 0.6506666666666666 0.398 0.64 0.39 0.6373333333333333 0.384 0.6266666666666667 0.38 0.6266666666666667 0.372 0.6213333333333333 0.364 0.6106666666666667 0.358 0.608 0.354 0.6 0.348 0.5973333333333334 0.348 0.5866666666666667 0.346 0.5813333333333334 0.35 0.5733333333333334 0.356 0.5733333333333334 0.358 0.576 0.362 0.576 0.366 0.5813333333333334 0.376 0.584 0.382 0.5946666666666667
1 0.354 0.5866666666666667 0.358 0.592 0.358 0.5973333333333334 0.36 0.6 0.37 0.6 0.376 0.592 0.378 0.6 0.386 0.6106666666666667 0.39 0.608 0.392 0.6106666666666667 0.392 0.6186666666666667 0.39 0.6213333333333333 0.4 0.6346666666666667 0.402 0.6346666666666667 0.412 0.6506666666666666 0.416 0.6506666666666666 0.418 0.6533333333333333 0.438 0.6506666666666666 0.442 0.6613333333333333 0.442 0.6666666666666666 0.446 0.6746666666666666 0.45 0.6773333333333333 0.448 0.68 0.45 0.6826666666666666 0.454 0.6826666666666666 0.46 0.6773333333333333 0.466 0.6773333333333333 0.47 0.6826666666666666 0.48 0.6853333333333333 0.484 0.6933333333333334 0.488 0.6933333333333334 0.49 0.696 0.49 0.704 0.494 0.712 0.492 0.7173333333333334 0.496 0.7226666666666667 0.5 0.7226666666666667 0.504 0.7173333333333334 0.508 0.7173333333333334 0.522 0.7306666666666667 0.522 0.7386666666666667 0.524 0.7413333333333333 0.528 0.7386666666666667 0.532 0.744 0.54 0.744 0.542 0.7413333333333333 0.548 0.752 0.564 0.7573333333333333 0.566 0.7626666666666667 0.572 0.768 0.57 0.7706666666666667 0.56 0.7733333333333333 0.556 0.7813333333333333 0.552 0.7786666666666666 0.55 0.7813333333333333 0.552 0.7866666666666666 0.542 0.784 0.532 0.7733333333333333 0.524 0.76 0.52 0.76 0.52 0.7573333333333333 0.518 0.7546666666666667 0.514 0.7546666666666667 0.51 0.7466666666666667 0.504 0.7466666666666667 0.492 0.7333333333333333 0.484 0.728 0.462 0.7013333333333334 0.46 0.7013333333333334 0.458 0.696 0.45 0.6933333333333334 0.438 0.68 0.434 0.68 0.426 0.664 0.42 0.664 0.412 0.6506666666666666 0.406 0.6506666666666666 0.4 0.6426666666666667 0.39 0.6373333333333333 0.374 0.6186666666666667 0.37 0.6186666666666667 0.362 0.6106666666666667 0.354 0.5973333333333334 0.354 0.592 0.352 0.5893333333333334
1 0 0.09066666666666667 0.014 0.09066666666666667 0.016 0.09333333333333334 0.028 0.09333333333333334 0.03 0.096 0.046 0.096 0.048 0.09866666666666667 0.046 0.112 0.044 0.11466666666666667 0.04 0.11466666666666667 0.038 0.112 0.022 0.112 0.02 0.10933333333333334 0.012 0.10933333333333334 0.01 0.10666666666666667 0 0.10666666666666667 0 0.09333333333333334
1 0.418 0.3253333333333333 0.43 0.3333333333333333 0.438 0.344 0.442 0.3413333333333333 0.44 0.33866666666666667 0.442 0.336 0.452 0.33866666666666667 0.452 0.3413333333333333 0.448 0.344 0.456 0.3546666666666667 0.458 0.352 0.462 0.3546666666666667 0.466 0.3466666666666667 0.472 0.3466666666666667 0.474 0.352 0.472 0.3546666666666667 0.474 0.35733333333333334 0.486 0.36 0.49 0.3546666666666667 0.498 0.36 0.506 0.37066666666666664 0.51 0.37066666666666664 0.512 0.36533333333333334 0.522 0.36533333333333334 0.52 0.368 0.522 0.37066666666666664 0.532 0.37333333333333335 0.532 0.37866666666666665 0.53 0.38133333333333336 0.532 0.384 0.54 0.384 0.542 0.37866666666666665 0.546 0.37866666666666665 0.546 0.384 0.548 0.38666666666666666 0.554 0.38666666666666666 0.56 0.392 0.566 0.38666666666666666 0.572 0.392 0.58 0.392 0.582 0.39466666666666667 0.584 0.392 0.59 0.4 0.59 0.4053333333333333 0.592 0.408 0.596 0.408 0.598 0.4053333333333333 0.602 0.408 0.604 0.41333333333333333 0.608 0.41333333333333333 0.61 0.408 0.616 0.408 0.622 0.4186666666666667 0.626 0.4186666666666667 0.628 0.416 0.634 0.4186666666666667 0.634 0.424 0.636 0.4266666666666667 0.638 0.424 0.638 0.4186666666666667 0.642 0.4186666666666667 0.646 0.42133333333333334 0.642 0.424 0.644 0.4266666666666667 0.648 0.4266666666666667 0.65 0.42933333333333334 0.652 0.4266666666666667 0.658 0.4266666666666667 0.664 0.43466666666666665 0.678 0.43466666666666665 0.684 0.44 0.694 0.44 0.7 0.44533333333333336 0.71 0.44533333333333336 0.712 0.448 0.716 0.448 0.72 0.456 0.722 0.4533333333333333 0.734 0.4533333333333333 0.74 0.45866666666666667 0.75 0.45066666666666666 0.762 0.4746666666666667 0.764 0.472 0.768 0.47733333333333333 0.78 0.4746666666666667 0.788 0.49066666666666664 0.792 0.488 0.8 0.49066666666666664 0.8 0.512 0.804 0.5173333333333333 0.808 0.5146666666666667 0.808 0.49866666666666665 0.82 0.48533333333333334 0.82 0.47733333333333333 0.824 0.47733333333333333 0.826 0.48 0.832 0.48 0.826 0.49066666666666664 0.824 0.488 0.822 0.49066666666666664 0.822 0.49333333333333335 0.826 0.496 0.824 0.5013333333333333 0.826 0.504 0.83 0.504 0.832 0.5013333333333333 0.858 0.504 0.862 0.5013333333333333 0.864 0.504 0.868 0.504 0.868 0.5093333333333333 0.874 0.5173333333333333 0.878 0.5173333333333333 0.882 0.5226666666666666 0.882 0.5413333333333333 0.876 0.5573333333333333 0.876 0.5653333333333334 0.872 0.5733333333333334 0.866 0.5733333333333334 0.86 0.568 0.834 0.5573333333333333 0.828 0.552 0.822 0.552 0.816 0.5466666666666666 0.81 0.5466666666666666 0.8 0.5386666666666666 0.792 0.5386666666666666 0.776 0.528 0.766 0.5253333333333333 0.764 0.5226666666666666 0.766 0.52 0.766 0.512 0.764 0.5093333333333333 0.76 0.5093333333333333 0.758 0.512 0.76 0.5146666666666667 0.758 0.52 0.756 0.5173333333333333 0.75 0.5173333333333333 0.746 0.512 0.738 0.512 0.724 0.504 0.718 0.504 0.71 0.496 0.7 0.49333333333333335 0.69 0.48533333333333334 0.682 0.48533333333333334 0.676 0.48 0.664 0.47733333333333333 0.658 0.472 0.654 0.472 0.646 0.464 0.624 0.45866666666666667 0.612 0.448 0.598 0.44533333333333336 0.592 0.43733333333333335 0.574 0.43466666666666665 0.564 0.4266666666666667 0.558 0.4266666666666667 0.552 0.42133333333333334 0.548 0.42133333333333334 0.54 0.416 0.534 0.416 0.53 0.41333333333333333 0.534 0.41333333333333333 0.536 0.4106666666666667 0.532 0.408 0.534 0.4053333333333333 0.534 0.3973333333333333 0.53 0.392 0.524 0.3973333333333333 0.518 0.3973333333333333 0.514 0.4026666666666667 0.512 0.4 0.508 0.4026666666666667 0.502 0.3973333333333333 0.498 0.3973333333333333 0.49 0.392 0.484 0.392 0.476 0.384 0.47 0.384 0.466 0.37333333333333335 0.462 0.37333333333333335 0.46 0.37866666666666665 0.456 0.37866666666666665 0.448 0.37333333333333335 0.448 0.368 0.446 0.36533333333333334 0.44 0.36533333333333334 0.438 0.368 0.436 0.36533333333333334 0.428 0.36533333333333334 0.416 0.35733333333333334 0.41 0.35733333333333334 0.428 0.35733333333333334 0.43 0.3546666666666667 0.43 0.344 0.428 0.3413333333333333 0.422 0.344 0.416 0.33866666666666667 0.412 0.33866666666666667 0.412 0.336 0.414 0.33866666666666667 0.418 0.33866666666666667 0.42 0.336 0.42 0.33066666666666666 0.418 0.328
1 0.702 0.912 0.712 0.9226666666666666 0.704 0.9306666666666666 0.696 0.9226666666666666 0.698 0.9226666666666666 0.702 0.9146666666666666
1 0.022 0.24533333333333332 0.038 0.25333333333333335 0.046 0.2613333333333333 0.052 0.2613333333333333 0.056 0.25333333333333335 0.056 0.248 0.06 0.24533333333333332 0.074 0.248 0.082 0.264 0.08 0.28 0.066 0.272 0.062 0.2773333333333333 0.062 0.2826666666666667 0.06 0.2853333333333333 0.054 0.2853333333333333 0.046 0.2773333333333333 0.022 0.2613333333333333 0.006 0.24266666666666667 0.006 0.24 0.01 0.23733333333333334 0.012 0.24 0.016 0.24 0.02 0.24533333333333332
1 0.2 0 0.202 0.0026666666666666666 0.206 0.0026666666666666666 0.208 0 0.244 0 0.246 0.0026666666666666666 0.25 0 0.26 0 0.262 0.005333333333333333 0.258 0.008 0.254 0.0026666666666666666 0.252 0.005333333333333333 0.246 0.005333333333333333 0.244 0.010666666666666666 0.218 0.010666666666666666 0.214 0.013333333333333334 0.208 0.008 0.206 0.010666666666666666 0.198 0.010666666666666666 0.196 0.013333333333333334 0.186 0.013333333333333334 0.18 0.018666666666666668 0.156 0.018666666666666668 0.154 0.016 0.152 0.018666666666666668 0.128 0.021333333333333333 0.126 0.024 0.112 0.024 0.11 0.02666666666666667 0.1 0.02666666666666667 0.096 0.024 0.1 0.021333333333333333 0.102 0.005333333333333333 0.108 0.005333333333333333 0.11 0.0026666666666666666 0.13 0.0026666666666666666 0.132 0 0.198 0
1 0.262 0 0.264 0.0026666666666666666 0.262 0.008 0.248 0.005333333333333333 0.244 0.010666666666666666 0.232 0.010666666666666666 0.23 0.008 0.228 0.010666666666666666 0.218 0.010666666666666666 0.216 0.013333333333333334 0.212 0.010666666666666666 0.2 0.010666666666666666 0.198 0.013333333333333334 0.19 0.013333333333333334 0.182 0.018666666666666668 0.144 0.018666666666666668 0.142 0.021333333333333333 0.128 0.021333333333333333 0.126 0.024 0.114 0.024 0.112 0.02666666666666667 0.088 0.02666666666666667 0.086 0.029333333333333333 0.082 0.029333333333333333 0.076 0.024 0.066 0.024 0.06 0.032 0.018 0.034666666666666665 0.016 0.037333333333333336 0 0.034666666666666665 0 0.029333333333333333 0.004 0.024 0.012 0.018666666666666668 0.026 0.018666666666666668 0.042 0.010666666666666666 0.058 0.010666666666666666 0.062 0.005333333333333333 0.116 0.0026666666666666666 0.118 0 0.26 0
1 0.038 0.4826666666666667 0.044 0.49066666666666664 0.054 0.49066666666666664 0.056 0.49333333333333335 0.056 0.5066666666666667 0.064 0.5173333333333333 0.084 0.528 0.082 0.5306666666666666 0.082 0.536 0.086 0.544 0.086 0.552 0.09 0.5626666666666666 0.1 0.5786666666666667 0.108 0.5813333333333334 0.108 0.5866666666666667 0.114 0.5946666666666667 0.124 0.5973333333333334 0.126 0.6 0.128 0.6106666666666667 0.124 0.6213333333333333 0.156 0.6666666666666666 0.162 0.6693333333333333 0.166 0.6746666666666666 0.164 0.6773333333333333 0.168 0.6826666666666666 0.168 0.6906666666666667 0.172 0.7013333333333334 0.18 0.712 0.194 0.7226666666666667 0.2 0.7226666666666667 0.206 0.7173333333333334 0.214 0.7173333333333334 0.222 0.712 0.238 0.712 0.242 0.72 0.258 0.736 0.26 0.7413333333333333 0.258 0.744 0.258 0.752 0.246 0.776 0.248 0.7786666666666666 0.248 0.7893333333333333 0.25 0.792 0.252 0.808 0.258 0.8186666666666667 0.258 0.824 0.262 0.8293333333333334 0.262 0.8346666666666667 0.27 0.8453333333333334 0.272 0.8586666666666667 0.278 0.864 0.28 0.8693333333333333 0.28 0.88 0.296 0.8986666666666666 0.298 0.9093333333333333 0.302 0.912 0.306 0.92 0.306 0.9253333333333333 0.304 0.9253333333333333 0.274 0.8826666666666667 0.268 0.8693333333333333 0.264 0.8666666666666667 0.258 0.8533333333333334 0.246 0.8373333333333334 0.242 0.8266666666666667 0.232 0.8133333333333334 0.216 0.784 0.198 0.7573333333333333 0.192 0.744 0.174 0.7173333333333334 0.172 0.7093333333333334 0.132 0.6506666666666666 0.128 0.64 0.122 0.632 0.118 0.632 0.116 0.6346666666666667 0.112 0.632 0.114 0.624 0.11 0.6186666666666667 0.11 0.6133333333333333 0.106 0.6026666666666667 0.094 0.5866666666666667 0.086 0.568 0.074 0.552 0.056 0.5146666666666667 0.038 0.48533333333333334
1 0.06 0.188 0.024 0.024