1 0.7997382198952879 0.44140625 0.8900523560209425 0.439453125 0.9227748691099477 0.435546875 0.9738219895287958 0.435546875 0.975130890052356 0.4375 0.9986910994764397 0.435546875 0.9986910994764397 0.458984375 0.9856020942408377 0.462890625 0.9698952879581152 0.4609375 0.9345549738219895 0.462890625 0.9332460732984293 0.46484375 0.8075916230366492 0.462890625 0.8036649214659686 0.4609375 0.8036649214659686 0.453125 0.7997382198952879 0.443359375
1 0.9214659685863874 0.55078125 0.9882198952879581 0.55078125 0.9895287958115183 0.552734375 0.9986910994764397 0.55078125 0.9986910994764397 0.5625 0.981675392670157 0.5625 0.9803664921465969 0.560546875 0.9463350785340314 0.560546875 0.9450261780104712 0.5625 0.925392670157068 0.55859375 0.9214659685863874 0.560546875 0.9214659685863874 0.552734375
1 0.9712041884816754 0.435546875 0.9725130890052356 0.4375 0.9986910994764397 0.435546875 0.9973821989528796 0.458984375 0.9738219895287958 0.458984375 0.9725130890052356 0.4609375 0.9712041884816754 0.458984375 0.9646596858638743 0.4609375 0.9424083769633508 0.458984375 0.925392670157068 0.462890625 0.9149214659685864 0.4609375 0.9083769633507853 0.462890625 0.9057591623036649 0.4609375 0.893979057591623 0.462890625 0.8913612565445026 0.4609375 0.887434554973822 0.462890625 0.8141361256544503 0.462890625 0.8089005235602095 0.4609375 0.8075916230366492 0.462890625 0.8023560209424084 0.4609375 0.7984293193717278 0.44140625 0.9698952879581152 0.435546875
1 0.24083769633507854 0.701171875 0.2395287958115183 0.705078125 0.24214659685863874 0.708984375 0.2683246073298429 0.703125 0.27225130890052357 0.705078125 0.2709424083769634 0.708984375 0.27486910994764396 0.712890625 0.2787958115183246 0.712890625 0.281413612565445 0.705078125 0.2931937172774869 0.70703125 0.29712041884816753 0.71875 0.3010471204188482 0.71875 0.3023560209424084 0.712890625 0.3036649214659686 0.7265625 0.29581151832460734 0.73046875 0.2918848167539267 0.740234375 0.2696335078534031 0.73828125 0.2591623036649215 0.744140625 0.18455497382198952 0.7578125 0.17408376963350786 0.763671875 0.16361256544502617 0.763671875 0.15706806282722513 0.767578125 0.11387434554973822 0.771484375 0.09162303664921466 0.779296875 0.06675392670157068 0.78125 0.006544502617801047 0.794921875 0 0.79296875 0 0.7578125 0.003926701570680628 0.751953125 0.007853403141361256 0.751953125 0.010471204188481676 0.74609375 0.03534031413612566 0.7421875 0.03926701570680628 0.73828125 0.06413612565445026 0.736328125 0.0693717277486911 0.734375 0.07068062827225131 0.73046875 0.07984293193717278 0.728515625 0.08376963350785341 0.732421875 0.08769633507853403 0.732421875 0.09031413612565445 0.728515625 0.08769633507853403 0.7265625 0.09162303664921466 0.724609375 0.09424083769633508 0.73046875 0.09816753926701571 0.720703125 0.10078534031413612 0.720703125 0.10209424083769633 0.724609375 0.10732984293193717 0.72265625 0.10602094240837696 0.712890625 0.09816753926701571 0.71484375 0.0968586387434555 0.712890625 0.10602094240837696 0.712890625 0.10863874345549739 0.708984375 0.16099476439790575 0.703125 0.16099476439790575 0.71875 0.1649214659685864 0.72265625 0.168848167539267 0.72265625 0.18717277486910994 0.71875 0.19109947643979058 0.71484375 0.19633507853403143 0.71484375 0.19895287958115182 0.7109375 0.2054973821989529 0.712890625 0.22251308900523561 0.7109375 0.225130890052356 0.70703125 0.2395287958115183 0.703125
1 0.2918848167539267 0.70703125 0.29450261780104714 0.7109375 0.29581151832460734 0.73046875 0.29450261780104714 0.736328125 0.2905759162303665 0.740234375 0.2643979057591623 0.740234375 0.24476439790575916 0.748046875 0.23298429319371727 0.748046875 0.21465968586387435 0.75390625 0.18455497382198952 0.7578125 0.17015706806282724 0.763671875 0.13481675392670156 0.767578125 0.12696335078534032 0.771484375 0.11649214659685864 0.771484375 0.09031413612565445 0.779296875 0.06675392670157068 0.78125 0.041884816753926704 0.7890625 0.031413612565445025 0.7890625 0.009162303664921465 0.794921875 0 0.794921875 0 0.75 0.006544502617801047 0.74609375 0.058900523560209424 0.740234375 0.06675392670157068 0.736328125 0.07722513089005235 0.736328125 0.10863874345549739 0.728515625 0.11910994764397906 0.73046875 0.11910994764397906 0.736328125 0.1243455497382199 0.7421875 0.13219895287958114 0.7421875 0.14136125654450263 0.736328125 0.13481675392670156 0.734375 0.13743455497382198 0.7265625 0.14136125654450263 0.724609375 0.17015706806282724 0.71875 0.18324607329842932 0.71875 0.19109947643979058 0.71484375 0.19895287958115182 0.71484375 0.20418848167539266 0.71875 0.20680628272251309 0.724609375 0.21596858638743455 0.724609375 0.2198952879581152 0.716796875 0.22251308900523561 0.71875 0.22643979057591623 0.708984375 0.2369109947643979 0.70703125 0.2591623036649215 0.70703125 0.2591623036649215 0.716796875 0.2617801047120419 0.724609375 0.2643979057591623 0.71875 0.2683246073298429 0.716796875 0.2761780104712042 0.72265625 0.2905759162303665 0.70703125
1 0.8913612565445026 0.5078125 0.8926701570680629 0.509765625 0.9070680628272252 0.5078125 0.9083769633507853 0.509765625 0.9319371727748691 0.509765625 0.9332460732984293 0.5078125 0.9947643979057592 0.509765625 0.9986910994764397 0.51171875 0.9986910994764397 0.521484375 0.943717277486911 0.521484375 0.9424083769633508 0.51953125 0.918848167539267 0.521484375 0.8965968586387435 0.517578125 0.8952879581151832 0.51953125 0.8756544502617801 0.51953125 0.8756544502617801 0.509765625 0.8900523560209425 0.5078125
1 0.7892670157068062 0.615234375 0.7918848167539267 0.615234375 0.7918848167539267 0.619140625 0.7866492146596858 0.626953125 0.7853403141361257 0.6328125 0.7643979057591623 0.638671875 0.7342931937172775 0.642578125 0.7212041884816754 0.6484375 0.6924083769633508 0.64453125 0.6845549738219895 0.658203125 0.6780104712041884 0.662109375 0.6636125654450262 0.66015625 0.6544502617801047 0.6640625 0.6426701570680629 0.6640625 0.637434554973822 0.66796875 0.6191099476439791 0.669921875 0.6112565445026178 0.673828125 0.599476439790576 0.673828125 0.5863874345549738 0.677734375 0.5732984293193717 0.67578125 0.5654450261780105 0.681640625 0.5523560209424084 0.68359375 0.5471204188481675 0.6796875 0.5431937172774869 0.681640625 0.5405759162303665 0.67578125 0.5340314136125655 0.673828125 0.5340314136125655 0.66796875 0.5314136125654451 0.6640625 0.5353403141361257 0.66015625 0.5431937172774869 0.662109375 0.5445026178010471 0.658203125 0.5615183246073299 0.654296875 0.5798429319371727 0.654296875 0.581151832460733 0.65625 0.5942408376963351 0.650390625 0.6086387434554974 0.6484375 0.6151832460732984 0.650390625 0.6400523560209425 0.640625 0.6518324607329843 0.640625 0.6845549738219895 0.6328125 0.6910994764397905 0.634765625 0.7041884816753927 0.62890625 0.7369109947643979 0.625 0.7513089005235603 0.619140625 0.7591623036649214 0.62109375 0.7630890052356021 0.6171875 0.7761780104712042 0.6171875 0.7814136125654451 0.62109375 0.7866492146596858 0.62109375 0.7892670157068062 0.6171875
1 0.6099476439790575 0.6484375 0.612565445026178 0.650390625 0.6361256544502618 0.640625 0.662303664921466 0.638671875 0.6819371727748691 0.6328125 0.6963350785340314 0.6328125 0.7002617801047121 0.62890625 0.7133507853403142 0.62890625 0.7486910994764397 0.6171875 0.7735602094240838 0.61328125 0.7801047120418848 0.61328125 0.7827225130890052 0.619140625 0.7853403141361257 0.619140625 0.7892670157068062 0.61328125 0.7931937172774869 0.61328125 0.7958115183246073 0.625 0.7892670157068062 0.6328125 0.768324607329843 0.638671875 0.7539267015706806 0.638671875 0.7185863874345549 0.650390625 0.7068062827225131 0.650390625 0.7028795811518325 0.646484375 0.693717277486911 0.646484375 0.6884816753926701 0.66015625 0.6780104712041884 0.6640625 0.6740837696335078 0.66015625 0.6636125654450262 0.66015625 0.6570680628272252 0.6640625 0.643979057591623 0.6640625 0.6400523560209425 0.66796875 0.6007853403141361 0.673828125 0.5929319371727748 0.677734375 0.574607329842932 0.67578125 0.5680628272251309 0.681640625 0.5431937172774869 0.68359375 0.5392670157068062 0.67578125 0.5327225130890052 0.673828125 0.5301047120418848 0.666015625 0.5314136125654451 0.66015625 0.5615183246073299 0.654296875 0.5863874345549738 0.654296875 0.5929319371727748 0.650390625 0.6086387434554974 0.6484375
1 0.6204188481675392 0.6484375 0.6256544502617801 0.650390625 0.6348167539267016 0.642578125 0.6413612565445026 0.640625 0.662303664921466 0.638671875 0.680628272251309 0.6328125 0.6963350785340314 0.6328125 0.7015706806282722 0.62890625 0.7094240837696335 0.62890625 0.7172774869109948 0.625 0.731675392670157 0.625 0.7460732984293194 0.619140625 0.7539267015706806 0.619140625 0.7617801047120419 0.615234375 0.7761780104712042 0.615234375 0.7840314136125655 0.611328125 0.7958115183246073 0.611328125 0.7971204188481675 0.615234375 0.7958115183246073 0.6328125 0.7643979057591623 0.640625 0.7421465968586387 0.642578125 0.7225130890052356 0.650390625 0.7054973821989529 0.650390625 0.7028795811518325 0.646484375 0.6924083769633508 0.646484375 0.6858638743455497 0.658203125 0.680628272251309 0.662109375 0.668848167539267 0.66015625 0.6609947643979057 0.6640625 0.6321989528795812 0.66796875 0.5968586387434555 0.677734375 0.5772251308900523 0.677734375 0.5706806282722513 0.681640625 0.5602094240837696 0.681640625 0.5523560209424084 0.685546875 0.5431937172774869 0.685546875 0.5379581151832461 0.67578125 0.5327225130890052 0.673828125 0.5301047120418848 0.666015625 0.524869109947644 0.6640625 0.5235602094240838 0.666015625 0.524869109947644 0.673828125 0.5222513089005235 0.67578125 0.518324607329843 0.69140625 0.5157068062827225 0.693359375 0.46465968586387435 0.701171875 0.43848167539267013 0.708984375 0.4096858638743455 0.708984375 0.39659685863874344 0.716796875 0.3782722513089005 0.72265625 0.3717277486910995 0.72265625 0.36910994764397903 0.71875 0.362565445026178 0.720703125 0.36910994764397903 0.712890625 0.362565445026178 0.7109375 0.3612565445026178 0.701171875 0.3586387434554974 0.697265625 0.35602094240837695 0.705078125 0.35471204188481675 0.720703125 0.3416230366492147 0.72265625 0.3337696335078534 0.728515625 0.3193717277486911 0.732421875 0.31151832460732987 0.732421875 0.3089005235602094 0.7265625 0.3089005235602094 0.69921875 0.31413612565445026 0.6953125 0.31675392670157065 0.697265625 0.3403141361256545 0.69140625 0.35732984293193715 0.69140625 0.3586387434554974 0.693359375 0.362565445026178 0.689453125 0.3756544502617801 0.69140625 0.3900523560209424 0.685546875 0.39397905759162305 0.6875 0.42408376963350786 0.6796875 0.4293193717277487 0.681640625 0.43455497382198954 0.677734375 0.44502617801047123 0.67578125 0.4476439790575916 0.677734375 0.45418848167539266 0.67578125 0.45287958115183247 0.681640625 0.45549738219895286 0.685546875 0.4607329842931937 0.685546875 0.46596858638743455 0.68359375 0.468586387434555 0.6796875 0.468586387434555 0.671875 0.4712041884816754 0.669921875 0.506544502617801 0.66796875 0.5117801047120419 0.6640625 0.5327225130890052 0.6640625 0.5392670157068062 0.658203125 0.5471204188481675 0.65625 0.5837696335078534 0.654296875 0.6020942408376964 0.6484375 0.6191099476439791 0.6484375
1 0.5157068062827225 0.6640625 0.518324607329843 0.669921875 0.5222513089005235 0.666015625 0.5235602094240838 0.67578125 0.5196335078534031 0.69140625 0.5143979057591623 0.6953125 0.5026178010471204 0.6953125 0.43455497382198954 0.7109375 0.4109947643979058 0.712890625 0.38089005235602097 0.72265625 0.36518324607329844 0.72265625 0.36387434554973824 0.724609375 0.3586387434554974 0.72265625 0.35471204188481675 0.7265625 0.337696335078534 0.728515625 0.3206806282722513 0.734375 0.3075916230366492 0.732421875 0.3075916230366492 0.69921875 0.31282722513089006 0.693359375 0.34293193717277487 0.69140625 0.35340314136125656 0.6875 0.3586387434554974 0.689453125 0.36780104712041883 0.685546875 0.3913612565445026 0.685546875 0.45549738219895286 0.671875 0.46596858638743455 0.671875 0.4725130890052356 0.66796875 0.49607329842931935 0.66796875 0.5052356020942408 0.6640625 0.5143979057591623 0.6640625
1 0.5314136125654451 0.673828125 0.5287958115183246 0.66796875 0.5222513089005235 0.6796875 0.5196335078534031 0.69140625 0.5143979057591623 0.6953125 0.5013089005235603 0.6953125 0.46335078534031415 0.705078125 0.4083769633507853 0.712890625 0.3795811518324607 0.72265625 0.35732984293193715 0.72265625 0.35209424083769636 0.7265625 0.3180628272251309 0.734375 0.3089005235602094 0.732421875 0.3075916230366492 0.69921875 0.31413612565445026 0.693359375 0.34293193717277487 0.69140625 0.35340314136125656 0.6875 0.3586387434554974 0.689453125 0.36910994764397903 0.685546875 0.39659685863874344 0.685546875 0.40575916230366493 0.681640625 0.46596858638743455 0.671875 0.4725130890052356 0.66796875 0.49607329842931935 0.66796875 0.5039267015706806 0.6640625 0.5353403141361257 0.66015625 0.5418848167539267 0.65625 0.5536649214659686 0.65625 0.5641361256544503 0.65234375 0.5772251308900523 0.654296875 0.5863874345549738 0.650390625 0.5981675392670157 0.650390625 0.6047120418848168 0.646484375 0.6151832460732984 0.6484375 0.6361256544502618 0.640625 0.6596858638743456 0.638671875 0.6767015706806283 0.6328125 0.6950261780104712 0.6328125 0.7002617801047121 0.62890625 0.7382198952879581 0.623046875 0.7630890052356021 0.615234375 0.7735602094240838 0.615234375 0.7787958115183246 0.611328125 0.7958115183246073 0.611328125 0.7971204188481675 0.615234375 0.7945026178010471 0.630859375 0.7801047120418848 0.63671875 0.7408376963350786 0.642578125 0.7212041884816754 0.650390625 0.7054973821989529 0.650390625 0.7015706806282722 0.64453125 0.6976439790575916 0.64453125 0.6910994764397905 0.646484375 0.6832460732984293 0.66015625 0.6793193717277487 0.662109375 0.6701570680628273 0.66015625 0.6073298429319371 0.67578125 0.56282722513089 0.681640625 0.5445026178010471 0.6875 0.5327225130890052 0.673828125
1 0.5340314136125655 0.935546875 0.5353403141361257 0.927734375 0.5431937172774869 0.919921875 0.5549738219895288 0.91796875 0.5680628272251309 0.908203125 0.5732984293193717 0.908203125 0.5981675392670157 0.89453125 0.6047120418848168 0.89453125 0.6178010471204188 0.888671875 0.6413612565445026 0.875 0.6531413612565445 0.86328125 0.6636125654450262 0.86328125 0.6714659685863874 0.85546875 0.6845549738219895 0.853515625 0.68717277486911 0.849609375 0.693717277486911 0.84765625 0.7015706806282722 0.84765625 0.7185863874345549 0.8359375 0.7473821989528796 0.82421875 0.7918848167539267 0.796875 0.7958115183246073 0.796875 0.7984293193717278 0.80078125 0.7984293193717278 0.806640625 0.756544502617801 0.830078125 0.7473821989528796 0.837890625 0.7290575916230366 0.84375 0.7185863874345549 0.8515625 0.6989528795811518 0.859375 0.6793193717277487 0.873046875 0.6636125654450262 0.87890625 0.6583769633507853 0.884765625 0.6282722513089005 0.896484375 0.6020942408376964 0.912109375 0.5837696335078534 0.91796875 0.5523560209424084 0.935546875 0.5405759162303665 0.939453125 0.5353403141361257 0.935546875
1 0.7107329842931938 0.62890625 0.7172774869109948 0.630859375 0.725130890052356 0.625 0.7486910994764397 0.6171875 0.7526178010471204 0.625 0.7513089005235603 0.638671875 0.7421465968586387 0.642578125 0.7303664921465969 0.642578125 0.7212041884816754 0.6484375 0.6950261780104712 0.64453125 0.6910994764397905 0.646484375 0.6897905759162304 0.654296875 0.6845549738219895 0.66015625 0.6780104712041884 0.66015625 0.6714659685863874 0.650390625 0.6675392670157068 0.6484375 0.662303664921466 0.65625 0.662303664921466 0.66015625 0.6518324607329843 0.66015625 0.6465968586387435 0.6484375 0.6426701570680629 0.65234375 0.6400523560209425 0.666015625 0.6138743455497382 0.669921875 0.6086387434554974 0.673828125 0.6034031413612565 0.673828125 0.606020942408377 0.671875 0.6034031413612565 0.66796875 0.5955497382198953 0.67578125 0.5863874345549738 0.67578125 0.581151832460733 0.673828125 0.5785340314136126 0.66796875 0.5719895287958116 0.66796875 0.5654450261780105 0.6796875 0.5615183246073299 0.681640625 0.5523560209424084 0.681640625 0.5536649214659686 0.677734375 0.5510471204188482 0.673828125 0.5379581151832461 0.671875 0.5340314136125655 0.6640625 0.5445026178010471 0.658203125 0.556282722513089 0.658203125 0.5641361256544503 0.654296875 0.5837696335078534 0.65625 0.5916230366492147 0.654296875 0.5942408376963351 0.650390625 0.5981675392670157 0.65234375 0.6073298429319371 0.650390625 0.6020942408376964 0.650390625 0.599476439790576 0.658203125 0.6007853403141361 0.662109375 0.6073298429319371 0.662109375 0.6151832460732984 0.65625 0.6138743455497382 0.650390625 0.6282722513089005 0.64453125 0.637434554973822 0.642578125 0.6400523560209425 0.6484375 0.643979057591623 0.6484375 0.6531413612565445 0.640625 0.6662303664921466 0.640625 0.6675392670157068 0.64453125 0.6714659685863874 0.63671875 0.6924083769633508 0.63671875 0.7028795811518325 0.62890625 0.7094240837696335 0.62890625
1 0.8756544502617801 0.509765625 0.8848167539267016 0.5078125 0.8861256544502618 0.509765625 0.9960732984293194 0.509765625 0.9986910994764397 0.51171875 0.9986910994764397 0.5234375 0.9960732984293194 0.5234375 0.993455497382199 0.529296875 0.9947643979057592 0.53515625 0.9986910994764397 0.5390625 0.9986910994764397 0.5625 0.9908376963350786 0.564453125 0.9764397905759162 0.564453125 0.9672774869109948 0.560546875 0.925392670157068 0.5625 0.9214659685863874 0.560546875 0.9201570680628273 0.5546875 0.9280104712041884 0.537109375 0.9332460732984293 0.537109375 0.9358638743455497 0.541015625 0.9397905759162304 0.5390625 0.9410994764397905 0.544921875 0.9450261780104712 0.5390625 0.9502617801047121 0.541015625 0.9764397905759162 0.5390625 0.9803664921465969 0.533203125 0.9829842931937173 0.5390625 0.9869109947643979 0.5390625 0.9921465968586387 0.53125 0.9856020942408377 0.529296875 0.9842931937172775 0.5234375 0.9698952879581152 0.52734375 0.9659685863874345 0.5234375 0.9607329842931938 0.525390625 0.8913612565445026 0.5234375 0.8900523560209425 0.525390625 0.8756544502617801 0.5234375 0.8743455497382199 0.51953125 0.8756544502617801 0.51171875
1 0.2054973821989529 0.611328125 0.20680628272251309 0.61328125 0.21727748691099477 0.611328125 0.24345549738219896 0.611328125 0.24476439790575916 0.61328125 0.24476439790575916 0.62890625 0.24083769633507854 0.63671875 0.24345549738219896 0.654296875 0.24345549738219896 0.6640625 0.24083769633507854 0.673828125 0.24345549738219896 0.697265625 0.2395287958115183 0.705078125 0.2356020942408377 0.70703125 0.2212041884816754 0.7109375 0.20680628272251309 0.708984375 0.20287958115183247 0.71484375 0.18848167539267016 0.712890625 0.17670157068062828 0.716796875 0.16753926701570682 0.71484375 0.1649214659685864 0.708984375 0.1649214659685864 0.697265625 0.17146596858638743 0.689453125 0.21204188481675393 0.6875 0.21727748691099477 0.68359375 0.22905759162303665 0.68359375 0.2342931937172775 0.677734375 0.22774869109947643 0.673828125 0.2198952879581152 0.673828125 0.17146596858638743 0.68359375 0.16361256544502617 0.677734375 0.16361256544502617 0.662109375 0.1662303664921466 0.654296875 0.21465968586387435 0.650390625 0.2198952879581152 0.646484375 0.2212041884816754 0.642578125 0.21596858638743455 0.638671875 0.20418848167539266 0.638671875 0.19240837696335078 0.642578125 0.19109947643979058 0.640625 0.16753926701570682 0.642578125 0.16361256544502617 0.638671875 0.16230366492146597 0.625 0.1649214659685864 0.615234375 0.20418848167539266 0.611328125