1 0.6588235294117647 0.5703125 0.665359477124183 0.5732421875 0.6954248366013072 0.5771484375 0.6993464052287581 0.5810546875 0.6993464052287581 0.587890625 0.6888888888888889 0.591796875 0.657516339869281 0.5966796875 0.6405228758169934 0.6015625 0.615686274509804 0.603515625 0.6130718954248366 0.60546875 0.5633986928104575 0.6162109375 0.5490196078431373 0.6171875 0.538562091503268 0.62109375 0.5137254901960784 0.625 0.5084967320261438 0.6279296875 0.4915032679738562 0.6298828125 0.48366013071895425 0.6328125 0.48104575163398694 0.6318359375 0.469281045751634 0.63671875 0.4470588235294118 0.638671875 0.4287581699346405 0.642578125 0.4143790849673203 0.6484375 0.39215686274509803 0.650390625 0.3790849673202614 0.6552734375 0.36993464052287583 0.6552734375 0.3359477124183007 0.662109375 0.29934640522875816 0.671875 0.26405228758169935 0.6767578125 0.20130718954248367 0.6923828125 0.19084967320261437 0.6923828125 0.1869281045751634 0.689453125 0.1843137254901961 0.6826171875 0.1843137254901961 0.6708984375 0.1869281045751634 0.66796875 0.2130718954248366 0.671875 0.2235294117647059 0.66796875 0.2457516339869281 0.6669921875 0.2849673202614379 0.66015625 0.2928104575163399 0.6572265625 0.29934640522875816 0.6513671875 0.3032679738562091 0.6298828125 0.3241830065359477 0.6240234375 0.3333333333333333 0.615234375 0.3803921568627451 0.6220703125 0.39215686274509803 0.626953125 0.41830065359477125 0.6298828125 0.46405228758169936 0.62109375 0.4797385620915033 0.6162109375 0.4849673202614379 0.611328125 0.48366013071895425 0.583984375 0.48627450980392156 0.58203125 0.5176470588235295 0.587890625 0.5424836601307189 0.58984375 0.5490196078431373 0.5869140625 0.5555555555555556 0.5869140625 0.5620915032679739 0.5830078125 0.5686274509803921 0.5830078125 0.5816993464052288 0.5771484375 0.6078431372549019 0.576171875 0.615686274509804 0.5732421875 0.6222222222222222 0.5732421875 0.6339869281045751 0.5673828125 0.657516339869281 0.5703125
1 0.657516339869281 0.458984375 0.6745098039215687 0.4619140625 0.7019607843137254 0.462890625 0.7058823529411765 0.4658203125 0.7071895424836602 0.4736328125 0.7006535947712418 0.4765625 0.6758169934640523 0.4775390625 0.6666666666666666 0.48046875 0.6431372549019608 0.4814453125 0.6274509803921569 0.484375 0.6183006535947713 0.4833984375 0.6039215686274509 0.48828125 0.5843137254901961 0.4873046875 0.550326797385621 0.4921875 0.5254901960784314 0.4921875 0.5137254901960784 0.49609375 0.4300653594771242 0.5029296875 0.41830065359477125 0.505859375 0.40784313725490196 0.505859375 0.4 0.5087890625 0.3633986928104575 0.509765625 0.19607843137254902 0.529296875 0.18823529411764706 0.529296875 0.1803921568627451 0.525390625 0.17516339869281045 0.5146484375 0.17777777777777778 0.5087890625 0.2326797385620915 0.5078125 0.24444444444444444 0.5048828125 0.27712418300653596 0.50390625 0.3137254901960784 0.5 0.32287581699346407 0.4970703125 0.3660130718954248 0.494140625 0.38169934640522873 0.490234375 0.39477124183006534 0.4912109375 0.44575163398692813 0.484375 0.469281045751634 0.4853515625 0.5084967320261438 0.4794921875 0.5163398692810458 0.4697265625 0.550326797385621 0.4697265625 0.5869281045751634 0.462890625 0.6130718954248366 0.462890625 0.6418300653594772 0.458984375 0.6562091503267974 0.458984375
1 0.7045751633986929 0.224609375 0.7241830065359477 0.2265625 0.7333333333333333 0.232421875 0.7372549019607844 0.232421875 0.7411764705882353 0.228515625 0.7516339869281046 0.228515625 0.7777777777777778 0.2333984375 0.8 0.2333984375 0.8091503267973856 0.236328125 0.8274509803921568 0.236328125 0.8366013071895425 0.2431640625 0.8588235294117647 0.2412109375 0.865359477124183 0.2451171875 0.8862745098039215 0.244140625 0.8980392156862745 0.2548828125 0.8980392156862745 0.2578125 0.9032679738562092 0.2607421875 0.9071895424836601 0.2607421875 0.9111111111111111 0.2578125 0.9111111111111111 0.2548828125 0.9163398692810457 0.255859375 0.9241830065359478 0.2490234375 0.9437908496732026 0.25 0.954248366013072 0.2548828125 0.9490196078431372 0.283203125 0.9450980392156862 0.2880859375 0.9464052287581699 0.302734375 0.9424836601307189 0.296875 0.9333333333333333 0.2998046875 0.8784313725490196 0.2958984375 0.8627450980392157 0.2978515625 0.8496732026143791 0.294921875 0.8248366013071895 0.2958984375 0.7673202614379085 0.29296875 0.7568627450980392 0.2900390625 0.7516339869281046 0.29296875 0.7555555555555555 0.2998046875 0.7516339869281046 0.3037109375 0.7372549019607844 0.3017578125 0.7294117647058823 0.291015625 0.7163398692810458 0.283203125 0.7150326797385621 0.26171875 0.7176470588235294 0.2548828125 0.7254901960784313 0.2490234375 0.7254901960784313 0.2431640625 0.7163398692810458 0.236328125 0.7045751633986929 0.2353515625 0.6993464052287581 0.232421875 0.6967320261437908 0.2275390625 0.6993464052287581 0.224609375 0.7032679738562092 0.224609375
1 0.330718954248366 0.3310546875 0.33725490196078434 0.333984375 0.33986928104575165 0.33984375 0.34509803921568627 0.3330078125 0.3568627450980392 0.3359375 0.3712418300653595 0.3349609375 0.37516339869281046 0.3408203125 0.3790849673202614 0.3369140625 0.3869281045751634 0.337890625 0.3934640522875817 0.3349609375 0.40522875816993464 0.333984375 0.41045751633986927 0.3369140625 0.41830065359477125 0.3349609375 0.42483660130718953 0.33984375 0.4326797385620915 0.337890625 0.45098039215686275 0.337890625 0.4562091503267974 0.33984375 0.4627450980392157 0.3369140625 0.5294117647058824 0.3369140625 0.5333333333333333 0.3388671875 0.5359477124183006 0.3447265625 0.538562091503268 0.3388671875 0.5437908496732026 0.3408203125 0.5529411764705883 0.33984375 0.5568627450980392 0.3447265625 0.5607843137254902 0.33984375 0.5620915032679739 0.3447265625 0.5333333333333333 0.3447265625 0.5202614379084968 0.34765625 0.5124183006535947 0.34765625 0.5084967320261438 0.345703125 0.4888888888888889 0.3466796875 0.4588235294117647 0.3447265625 0.4169934640522876 0.3466796875 0.403921568627451 0.34375 0.39869281045751637 0.345703125 0.37777777777777777 0.3447265625 0.3764705882352941 0.3427734375 0.3712418300653595 0.3447265625 0.35947712418300654 0.3447265625 0.35555555555555557 0.341796875 0.34509803921568627 0.3427734375 0.33725490196078434 0.33984375 0.33464052287581697 0.3427734375 0.3281045751633987 0.3408203125 0.32287581699346407 0.337890625 0.330718954248366 0.33203125
1 0.05359477124183006 0.32421875 0.12418300653594772 0.32421875 0.1437908496732026 0.3271484375 0.18169934640522875 0.3251953125 0.21045751633986928 0.3271484375 0.26666666666666666 0.3271484375 0.2849673202614379 0.330078125 0.4013071895424837 0.330078125 0.4444444444444444 0.333984375 0.4718954248366013 0.3310546875 0.47581699346405226 0.3330078125 0.5071895424836601 0.3349609375 0.5738562091503268 0.333984375 0.5934640522875817 0.337890625 0.5986928104575163 0.337890625 0.6078431372549019 0.333984375 0.6509803921568628 0.3349609375 0.7084967320261438 0.3330078125 0.7163398692810458 0.3369140625 0.7176470588235294 0.341796875 0.7163398692810458 0.345703125 0.7084967320261438 0.34765625 0.657516339869281 0.3466796875 0.6209150326797386 0.3486328125 0.5947712418300654 0.337890625 0.592156862745098 0.33984375 0.5843137254901961 0.3388671875 0.5790849673202615 0.3466796875 0.5673202614379085 0.3486328125 0.4549019607843137 0.3486328125 0.4339869281045752 0.3505859375 0.3934640522875817 0.34765625 0.3359477124183007 0.3486328125 0.19869281045751633 0.34375 0.0392156862745098 0.345703125 0.032679738562091505 0.34375 0 0.34375 0 0.3251953125 0.00522875816993464 0.3232421875 0.05228758169934641 0.32421875
1 0.011764705882352941 0.322265625 0.030065359477124184 0.32421875 0.12549019607843137 0.32421875 0.13333333333333333 0.326171875 0.16732026143790849 0.3251953125 0.17254901960784313 0.328125 0.17647058823529413 0.3408203125 0.16862745098039217 0.3447265625 0.09934640522875816 0.34375 0.036601307189542485 0.345703125 0.026143790849673203 0.34375 0 0.34375 0 0.32421875 0.01045751633986928 0.3232421875
1 0.5633986928104575 0.685546875 0.5816993464052288 0.6904296875 0.5882352941176471 0.689453125 0.6 0.6953125 0.6235294117647059 0.7021484375 0.6339869281045751 0.703125 0.6640522875816993 0.6982421875 0.6862745098039216 0.6884765625 0.6928104575163399 0.6953125 0.6888888888888889 0.7021484375 0.6679738562091503 0.70703125 0.6627450980392157 0.7099609375 0.6496732026143791 0.7109375 0.6326797385620915 0.720703125 0.6091503267973856 0.7255859375 0.5882352941176471 0.734375 0.5555555555555556 0.7421875 0.5294117647058824 0.751953125 0.5176470588235295 0.7529296875 0.5111111111111111 0.7509765625 0.5045751633986928 0.7587890625 0.4875816993464052 0.7646484375 0.47320261437908495 0.7666015625 0.46013071895424834 0.7724609375 0.4496732026143791 0.7734375 0.43790849673202614 0.7783203125 0.41568627450980394 0.783203125 0.4013071895424837 0.7900390625 0.3803921568627451 0.7939453125 0.3411764705882353 0.8076171875 0.32941176470588235 0.80859375 0.28366013071895424 0.82421875 0.257516339869281 0.8310546875 0.25098039215686274 0.8310546875 0.20261437908496732 0.84765625 0.19869281045751633 0.84765625 0.19607843137254902 0.8427734375 0.19607843137254902 0.833984375 0.19869281045751633 0.8310546875 0.2169934640522876 0.8271484375 0.22091503267973855 0.82421875 0.24705882352941178 0.8203125 0.26666666666666666 0.8134765625 0.27712418300653596 0.8037109375 0.2823529411764706 0.7919921875 0.28888888888888886 0.7890625 0.3032679738562091 0.787109375 0.3137254901960784 0.7822265625 0.3241830065359477 0.78125 0.34248366013071896 0.7744140625 0.3503267973856209 0.7666015625 0.35555555555555557 0.7529296875 0.38300653594771245 0.7646484375 0.4065359477124183 0.7685546875 0.4143790849673203 0.7646484375 0.4235294117647059 0.765625 0.4496732026143791 0.7587890625 0.469281045751634 0.7470703125 0.4928104575163399 0.7470703125 0.5032679738562091 0.744140625 0.5084967320261438 0.744140625 0.5124183006535947 0.7470703125 0.5163398692810458 0.7451171875 0.5189542483660131 0.740234375 0.5254901960784314 0.740234375 0.5437908496732026 0.7333984375 0.5516339869281046 0.724609375 0.5529411764705883 0.7099609375 0.5477124183006536 0.685546875 0.5620915032679739 0.685546875
1 0.7372549019607844 0.26953125 0.7673202614379085 0.2744140625 0.8379084967320262 0.27734375 0.8444444444444444 0.279296875 0.938562091503268 0.28515625 0.9424836601307189 0.2890625 0.9398692810457516 0.2998046875 0.9294117647058824 0.3017578125 0.9019607843137255 0.2978515625 0.7686274509803922 0.2919921875 0.7529411764705882 0.2900390625 0.7437908496732026 0.2841796875 0.7372549019607844 0.2841796875 0.734640522875817 0.2822265625 0.7241830065359477 0.2880859375 0.7163398692810458 0.283203125 0.7137254901960784 0.27734375 0.7150326797385621 0.2685546875 0.7254901960784313 0.267578125 0.7359477124183007 0.26953125
1 0.20915032679738563 0.326171875 0.25620915032679736 0.3271484375 0.28104575163398693 0.330078125 0.3934640522875817 0.330078125 0.42091503267973857 0.3330078125 0.4549019607843137 0.3330078125 0.46797385620915033 0.3310546875 0.4954248366013072 0.333984375 0.5542483660130719 0.3330078125 0.5856209150326798 0.3349609375 0.5947712418300654 0.337890625 0.6091503267973856 0.3330078125 0.6457516339869281 0.3349609375 0.6640522875816993 0.3330078125 0.7084967320261438 0.3330078125 0.7163398692810458 0.3369140625 0.7163398692810458 0.345703125 0.7019607843137254 0.34765625 0.6549019607843137 0.3466796875 0.6261437908496732 0.3486328125 0.611764705882353 0.345703125 0.5947712418300654 0.337890625 0.592156862745098 0.33984375 0.5843137254901961 0.33984375 0.5803921568627451 0.345703125 0.5673202614379085 0.3486328125 0.45359477124183006 0.3486328125 0.4326797385620915 0.3505859375 0.37516339869281046 0.3466796875 0.33725490196078434 0.34765625 0.1869281045751634 0.34375 0.17647058823529413 0.3408203125 0.1738562091503268 0.328125 0.1843137254901961 0.3251953125 0.20784313725490197 0.326171875
1 0.4326797385620915 0.2080078125 0.46143790849673205 0.212890625 0.4993464052287582 0.21484375 0.5607843137254902 0.22265625 0.5973856209150327 0.2236328125 0.6666666666666666 0.2314453125 0.6954248366013072 0.2314453125 0.7176470588235294 0.236328125 0.7241830065359477 0.2421875 0.7241830065359477 0.24609375 0.7202614379084967 0.2490234375 0.6915032679738562 0.248046875 0.6823529411764706 0.2451171875 0.6705882352941176 0.2451171875 0.665359477124183 0.248046875 0.661437908496732 0.2451171875 0.6405228758169934 0.2451171875 0.6352941176470588 0.2470703125 0.6 0.2412109375 0.5869281045751634 0.2421875 0.5790849673202615 0.24609375 0.5673202614379085 0.244140625 0.5594771241830065 0.2373046875 0.5529411764705883 0.2353515625 0.538562091503268 0.236328125 0.5359477124183006 0.23828125 0.5215686274509804 0.236328125 0.5137254901960784 0.23828125 0.5045751633986928 0.2353515625 0.4823529411764706 0.2373046875 0.477124183006536 0.2333984375 0.4666666666666667 0.234375 0.46013071895424834 0.2314453125 0.4444444444444444 0.23046875 0.43529411764705883 0.2265625 0.4287581699346405 0.216796875 0.4169934640522876 0.212890625 0.4196078431372549 0.208984375 0.43137254901960786 0.2080078125
1 0.9529411764705882 0.458984375 0.9986928104575163 0.4609375 0.9986928104575163 0.47265625 0.996078431372549 0.4736328125 0.984313725490196 0.474609375 0.9803921568627451 0.470703125 0.9725490196078431 0.46875 0.9686274509803922 0.4775390625 0.8836601307189542 0.4892578125 0.865359477124183 0.4833984375 0.857516339869281 0.4833984375 0.8549019607843137 0.4853515625 0.8549019607843137 0.490234375 0.8326797385620915 0.49609375 0.8130718954248366 0.498046875 0.803921568627451 0.5009765625 0.7986928104575164 0.5 0.7934640522875817 0.501953125 0.7620915032679738 0.50390625 0.7516339869281046 0.5068359375 0.738562091503268 0.5068359375 0.7333333333333333 0.50390625 0.722875816993464 0.5087890625 0.7019607843137254 0.5087890625 0.6784313725490196 0.5029296875 0.6601307189542484 0.50390625 0.6261437908496732 0.501953125 0.6196078431372549 0.5 0.611764705882353 0.4931640625 0.6143790849673203 0.4873046875 0.6261437908496732 0.4873046875 0.6405228758169934 0.490234375 0.6627450980392157 0.490234375 0.6679738562091503 0.48828125 0.6718954248366014 0.4892578125 0.6836601307189543 0.486328125 0.7071895424836602 0.4853515625 0.722875816993464 0.482421875 0.7660130718954249 0.486328125 0.7869281045751634 0.486328125 0.8248366013071895 0.4794921875 0.8339869281045752 0.4736328125 0.8849673202614379 0.4755859375 0.9071895424836601 0.4716796875 0.9215686274509803 0.4638671875 0.9294117647058824 0.462890625 0.9372549019607843 0.458984375 0.9516339869281045 0.458984375
1 0.040522875816993466 0.32421875 0.05620915032679739 0.326171875 0.06405228758169934 0.326171875 0.06666666666666667 0.32421875 0.08235294117647059 0.326171875 0.12549019607843137 0.3251953125 0.13725490196078433 0.3271484375 0.1738562091503268 0.3271484375 0.18562091503267975 0.3251953125 0.31241830065359477 0.3310546875 0.41830065359477125 0.3310546875 0.4222222222222222 0.3330078125 0.4496732026143791 0.333984375 0.4562091503267974 0.33203125 0.5045751633986928 0.3349609375 0.5673202614379085 0.333984375 0.5751633986928104 0.3349609375 0.5803921568627451 0.337890625 0.5803921568627451 0.3447265625 0.5712418300653594 0.34765625 0.4522875816993464 0.349609375 0.39869281045751637 0.3486328125 0.39215686274509803 0.3466796875 0.3359477124183007 0.34765625 0.32679738562091504 0.345703125 0.26143790849673204 0.345703125 0.19215686274509805 0.3427734375 0.011764705882352941 0.3427734375 0 0.341796875 0 0.3271484375 0.00522875816993464 0.32421875 0.0392156862745098 0.32421875
1 0.7006535947712418 0.7890625 0.7098039215686275 0.78515625 0.7163398692810458 0.78515625 0.726797385620915 0.779296875 0.7581699346405228 0.76953125 0.7895424836601307 0.75390625 0.8065359477124183 0.75 0.8366013071895425 0.7373046875 0.85359477124183 0.732421875 0.8980392156862745 0.7109375 0.9294117647058824 0.701171875 0.9450980392156862 0.701171875 0.9986928104575163 0.681640625 0.9986928104575163 0.6962890625 0.9816993464052287 0.7001953125 0.9294117647058824 0.71875 0.9111111111111111 0.7275390625 0.8941176470588236 0.7314453125 0.8823529411764706 0.73828125 0.8666666666666667 0.7421875 0.8065359477124183 0.7666015625 0.7947712418300653 0.7685546875 0.726797385620915 0.7958984375 0.7058823529411765 0.8017578125 0.6980392156862745 0.79296875 0.7006535947712418 0.7900390625
1 0.1542483660130719 0.4580078125 0.16862745098039217 0.4599609375 0.17516339869281045 0.462890625 0.17777777777777778 0.4775390625 0.1738562091503268 0.4794921875 0.13333333333333333 0.4833984375 0.10326797385620914 0.484375 0.08104575163398693 0.4873046875 0.06928104575163399 0.486328125 0 0.4931640625 0 0.470703125 0.009150326797385621 0.46875 0.05751633986928104 0.46875 0.07450980392156863 0.466796875 0.08627450980392157 0.462890625 0.13333333333333333 0.4619140625 0.15294117647058825 0.458984375
1 0.10457516339869281 0.5966796875 0.12810457516339868 0.5966796875 0.1477124183006536 0.5908203125 0.17516339869281045 0.5888671875 0.18169934640522875 0.591796875 0.1830065359477124 0.60546875 0.17254901960784313 0.609375 0.134640522875817 0.6142578125 0.12287581699346405 0.6142578125 0.11895424836601307 0.6103515625 0.10065359477124183 0.6083984375 0.09803921568627451 0.6123046875 0.09673202614379085 0.6103515625 0.07973856209150326 0.6123046875 0.06405228758169934 0.625 0 0.6337890625 0 0.6123046875 0.022222222222222223 0.6103515625 0.0392156862745098 0.6015625 0.058823529411764705 0.6044921875 0.08366013071895424 0.6044921875 0.09542483660130718 0.59765625 0.10326797385620914 0.59765625
1 0.2954248366013072 0.9501953125 0.30196078431372547 0.951171875 0.3084967320261438 0.9560546875 0.3045751633986928 0.9599609375 0.2875816993464052 0.966796875 0.2784313725490196 0.966796875 0.2758169934640523 0.9697265625 0.26405228758169935 0.9736328125 0.257516339869281 0.9736328125 0.2549019607843137 0.9765625 0.23921568627450981 0.98046875 0.23660130718954248 0.984375 0.23006535947712417 0.9853515625 0.23398692810457516 0.974609375 0.24052287581699347 0.9794921875 0.24836601307189543 0.9736328125 0.24444444444444444 0.96875 0.24836601307189543 0.96875 0.25098039215686274 0.9716796875 0.257516339869281 0.970703125 0.25620915032679736 0.962890625 0.26405228758169935 0.9599609375 0.26143790849673204 0.9560546875 0.27320261437908494 0.9560546875 0.27058823529411763 0.95703125 0.269281045751634 0.962890625 0.2797385620915033 0.9658203125 0.2901960784313726 0.9599609375 0.2954248366013072 0.951171875
1 0.44836601307189544 0.2099609375 0.45751633986928103 0.212890625 0.5058823529411764 0.2158203125 0.5594771241830065 0.22265625 0.5947712418300654 0.2236328125 0.6745098039215687 0.232421875 0.6941176470588235 0.2314453125 0.7176470588235294 0.236328125 0.7241830065359477 0.2421875 0.7241830065359477 0.24609375 0.7202614379084967 0.2490234375 0.6954248366013072 0.248046875 0.6823529411764706 0.2451171875 0.6692810457516339 0.2451171875 0.6640522875816993 0.2470703125 0.6601307189542484 0.244140625 0.6352941176470588 0.24609375 0.6130718954248366 0.2412109375 0.5947712418300654 0.240234375 0.5882352941176471 0.2412109375 0.5816993464052288 0.2451171875 0.5725490196078431 0.2451171875 0.5568627450980392 0.2353515625 0.538562091503268 0.236328125 0.5359477124183006 0.23828125 0.5228758169934641 0.236328125 0.5124183006535947 0.2373046875 0.5084967320261438 0.2353515625 0.48366013071895425 0.2373046875 0.477124183006536 0.232421875 0.4666666666666667 0.2333984375 0.4627450980392157 0.2314453125 0.44575163398692813 0.23046875 0.4366013071895425 0.2265625 0.4300653594771242 0.2177734375 0.4196078431372549 0.212890625 0.4196078431372549 0.2099609375 0.4470588235294118 0.2099609375
1 0.9986928104575163 0.5751953125 0.9986928104575163 0.5869140625 0.9921568627450981 0.5888671875 0.9529411764705882 0.5966796875 0.9254901960784314 0.60546875 0.9150326797385621 0.6064453125 0.7830065359477124 0.640625 0.7647058823529411 0.642578125 0.7542483660130719 0.6474609375 0.7150326797385621 0.6552734375 0.7084967320261438 0.658203125 0.6954248366013072 0.658203125 0.6862745098039216 0.654296875 0.6784313725490196 0.6474609375 0.6784313725490196 0.64453125 0.6980392156862745 0.646484375 0.7163398692810458 0.642578125 0.7633986928104575 0.6298828125 0.7816993464052288 0.626953125 0.8026143790849674 0.619140625 0.8143790849673203 0.6181640625 0.8248366013071895 0.6142578125 0.8392156862745098 0.6142578125 0.8470588235294118 0.6123046875 0.8679738562091504 0.6044921875 0.8771241830065359 0.603515625 0.9084967320261438 0.59375 0.9725490196078431 0.5830078125 0.9973856209150327 0.5751953125
1 0.9986928104575163 0.5771484375 0.9986928104575163 0.5849609375 0.9947712418300654 0.5869140625 0.9516339869281045 0.595703125 0.9464052287581699 0.5986328125 0.9032679738562092 0.609375 0.8941176470588236 0.609375 0.8901960784313725 0.6123046875 0.8379084967320262 0.6240234375 0.8091503267973856 0.6328125 0.7934640522875817 0.6337890625 0.7895424836601307 0.63671875 0.7790849673202614 0.63671875 0.7581699346405228 0.64453125 0.7411764705882353 0.646484375 0.7176470588235294 0.654296875 0.6967320261437908 0.6572265625 0.6862745098039216 0.65234375 0.681045751633987 0.6474609375 0.6954248366013072 0.6494140625 0.7019607843137254 0.6552734375 0.7045751633986929 0.6474609375 0.7163398692810458 0.6435546875 0.7241830065359477 0.642578125 0.7281045751633987 0.6455078125 0.7320261437908496 0.6435546875 0.7320261437908496 0.640625 0.7398692810457517 0.6396484375 0.742483660130719 0.640625 0.7411764705882353 0.64453125 0.7437908496732026 0.6455078125 0.74640522875817 0.63671875 0.7581699346405228 0.6328125 0.7686274509803922 0.6328125 0.7712418300653595 0.6298828125 0.7816993464052288 0.6298828125 0.788235294117647 0.6259765625 0.7934640522875817 0.6259765625 0.7947712418300653 0.6298828125 0.7986928104575164 0.630859375 0.8013071895424837 0.62890625 0.7986928104575164 0.623046875 0.8169934640522876 0.6201171875 0.8274509803921568 0.6162109375 0.8444444444444444 0.615234375 0.8614379084967321 0.6083984375 0.8810457516339869 0.60546875 0.9111111111111111 0.5947265625 0.9241830065359478 0.59375 0.9267973856209151 0.591796875 0.9594771241830066 0.5869140625 0.9620915032679739 0.5849609375 0.9777777777777777 0.583984375 0.9830065359477124 0.5810546875 0.9973856209150327 0.578125
1 0.03790849673202614 0.7705078125 0.05751633986928104 0.771484375 0.07450980392156863 0.7685546875 0.09411764705882353 0.7626953125 0.1084967320261438 0.7529296875 0.1542483660130719 0.7509765625 0.17124183006535948 0.74609375 0.17908496732026144 0.7412109375 0.18562091503267975 0.7470703125 0.1843137254901961 0.7578125 0.1542483660130719 0.7666015625 0.14640522875816994 0.7666015625 0.11241830065359477 0.7763671875 0.027450980392156862 0.794921875 0.022222222222222223 0.7978515625 0.00392156862745098 0.8017578125 0 0.80078125 0 0.783203125 0.01437908496732026 0.7783203125 0.027450980392156862 0.7705078125 0.036601307189542485 0.7705078125
1 0.5464052287581699 0.6826171875 0.550326797385621 0.681640625 0.5764705882352941 0.6884765625 0.5908496732026144 0.6884765625 0.6 0.6943359375 0.6300653594771242 0.7021484375 0.6640522875816993 0.697265625 0.6849673202614379 0.6875 0.6928104575163399 0.6923828125 0.6928104575163399 0.69921875 0.6901960784313725 0.7021484375 0.6509803921568628 0.7138671875 0.6339869281045751 0.7216796875 0.6091503267973856 0.7265625 0.592156862745098 0.734375 0.5568627450980392 0.7431640625 0.5294117647058824 0.7529296875 0.5111111111111111 0.755859375 0.4993464052287582 0.76171875 0.42745098039215684 0.78125 0.41045751633986927 0.7880859375 0.38169934640522873 0.794921875 0.3411764705882353 0.80859375 0.32679738562091504 0.810546875 0.2718954248366013 0.828125 0.2522875816993464 0.8310546875 0.2 0.8486328125 0.19607843137254902 0.84375 0.19607843137254902 0.83203125 0.20130718954248367 0.828125 0.2130718954248366 0.826171875 0.22091503267973855 0.822265625 0.24183006535947713 0.8203125 0.26405228758169935 0.8134765625 0.27450980392156865 0.8056640625 0.2784313725490196 0.7919921875 0.28104575163398693 0.7900390625 0.3411764705882353 0.7744140625 0.34901960784313724 0.7666015625 0.3516339869281046 0.7529296875 0.3542483660130719 0.7509765625 0.38300653594771245 0.763671875 0.403921568627451 0.767578125 0.4169934640522876 0.7626953125 0.42483660130718953 0.763671875 0.44836601307189544 0.7578125 0.469281045751634 0.74609375 0.4875816993464052 0.7470703125 0.5424836601307189 0.7333984375 0.5477124183006536 0.7294921875 0.5516339869281046 0.720703125 0.5516339869281046 0.705078125 0.5450980392156862 0.689453125 0.5464052287581699 0.68359375
1 0 0.1669921875 0.013071895424836602 0.1669921875 0.040522875816993466 0.1708984375 0.06405228758169934 0.1708984375 0.11241830065359477 0.177734375 0.1503267973856209 0.1796875 0.16209150326797386 0.1826171875 0.16993464052287582 0.1923828125 0.16993464052287582 0.201171875 0.1607843137254902 0.2060546875 0.14901960784313725 0.203125 0.13594771241830064 0.205078125 0.12549019607843137 0.201171875 0.11241830065359477 0.2041015625 0.1084967320261438 0.2021484375 0.06274509803921569 0.2021484375 0.0457516339869281 0.2001953125 0.0392156862745098 0.197265625 0.00784313725490196 0.1982421875 0 0.1962890625 0 0.16796875
1 0.661437908496732 0.7822265625 0.6967320261437908 0.791015625 0.7581699346405228 0.76953125 0.7908496732026143 0.75390625 0.8169934640522876 0.7470703125 0.8379084967320262 0.7373046875 0.8549019607843137 0.732421875 0.8888888888888888 0.7158203125 0.9150326797385621 0.7060546875 0.9294117647058824 0.7021484375 0.9490196078431372 0.701171875 0.9973856209150327 0.68359375 0.9986928104575163 0.6953125 0.9764705882352941 0.701171875 0.9581699346405229 0.7099609375 0.9320261437908497 0.7177734375 0.9228758169934641 0.7236328125 0.8954248366013072 0.7314453125 0.8823529411764706 0.73828125 0.8640522875816994 0.7431640625 0.8496732026143791 0.7509765625 0.8052287581699347 0.7666015625 0.7973856209150327 0.767578125 0.7751633986928105 0.7783203125 0.74640522875817 0.787109375 0.7150326797385621 0.7998046875 0.7084967320261438 0.806640625 0.7019607843137254 0.8076171875 0.6640522875816993 0.8251953125 0.657516339869281 0.826171875 0.611764705882353 0.845703125 0.5869281045751634 0.853515625 0.550326797385621 0.8701171875 0.5045751633986928 0.884765625 0.4928104575163399 0.8916015625 0.47058823529411764 0.8984375 0.46143790849673205 0.904296875 0.43529411764705883 0.912109375 0.40261437908496733 0.92578125 0.3869281045751634 0.9296875 0.3411764705882353 0.94921875 0.33202614379084966 0.9501953125 0.3176470588235294 0.95703125 0.31241830065359477 0.95703125 0.2875816993464052 0.9677734375 0.24183006535947713 0.982421875 0.22091503267973855 0.9921875 0.2130718954248366 0.9921875 0.2065359477124183 0.982421875 0.2065359477124183 0.966796875 0.20915032679738563 0.96484375 0.23006535947712417 0.966796875 0.24313725490196078 0.962890625 0.25098039215686274 0.9560546875 0.269281045751634 0.951171875 0.30718954248366015 0.9287109375 0.3254901960784314 0.921875 0.3359477124183007 0.9111328125 0.3568627450980392 0.9140625 0.36993464052287583 0.9130859375 0.4366013071895425 0.888671875 0.4470588235294118 0.8828125 0.4562091503267974 0.880859375 0.4666666666666667 0.8720703125 0.48627450980392156 0.87109375 0.4993464052287582 0.8642578125 0.515032679738562 0.861328125 0.5254901960784314 0.8544921875 0.5359477124183006 0.853515625 0.5477124183006536 0.8466796875 0.5633986928104575 0.84375 0.5738562091503268 0.8349609375 0.5895424836601307 0.833984375 0.5986928104575163 0.828125 0.611764705882353 0.826171875 0.6392156862745098 0.8134765625 0.6549019607843137 0.8095703125 0.661437908496732 0.8037109375 0.661437908496732 0.783203125
1 0.17908496732026144 0.740234375 0.18562091503267975 0.748046875 0.18562091503267975 0.755859375 0.1830065359477124 0.7587890625 0.11241830065359477 0.7763671875 0.08104575163398693 0.7822265625 0.07058823529411765 0.7861328125 0.047058823529411764 0.7900390625 0.01045751633986928 0.80078125 0 0.8017578125 0 0.7822265625 0.01568627450980392 0.77734375 0.02875816993464052 0.7685546875 0.0392156862745098 0.7705078125 0.06013071895424837 0.7705078125 0.06928104575163399 0.767578125 0.07712418300653595 0.767578125 0.0915032679738562 0.763671875 0.1084967320261438 0.751953125 0.13202614379084968 0.7529296875 0.15947712418300652 0.75 0.17124183006535948 0.74609375 0.17777777777777778 0.7412109375
1 0.9921568627450981 0.3935546875 0.9986928104575163 0.3955078125 0.9986928104575163 0.4052734375 0.9908496732026144 0.4072265625 0.930718954248366 0.4091796875 0.9241830065359478 0.4052734375 0.918954248366013 0.4052734375 0.9071895424836601 0.4130859375 0.8901960784313725 0.412109375 0.8823529411764706 0.40625 0.873202614379085 0.4052734375 0.869281045751634 0.4140625 0.8379084967320262 0.4150390625 0.8222222222222222 0.41796875 0.7555555555555555 0.4189453125 0.7516339869281046 0.423828125 0.7372549019607844 0.4140625 0.7241830065359477 0.416015625 0.7189542483660131 0.4208984375 0.6901960784313725 0.4169921875 0.6470588235294118 0.41796875 0.6431372549019608 0.4150390625 0.6405228758169934 0.40625 0.6418300653594772 0.40234375 0.6457516339869281 0.4013671875 0.730718954248366 0.4033203125 0.8156862745098039 0.3984375 0.873202614379085 0.4013671875 0.8967320261437909 0.3984375 0.9111111111111111 0.3994140625 0.9137254901960784 0.3974609375 0.9241830065359478 0.3994140625 0.9294117647058824 0.3974609375 0.9908496732026144 0.3935546875
1 0.661437908496732 0.783203125 0.6784313725490196 0.7861328125 0.6954248366013072 0.7919921875 0.7045751633986929 0.8037109375 0.7006535947712418 0.80859375 0.6797385620915033 0.818359375 0.6326797385620915 0.8359375 0.6130718954248366 0.845703125 0.5790849673202615 0.857421875 0.5516339869281046 0.8701171875 0.5098039215686274 0.8837890625 0.48366013071895425 0.8955078125 0.469281045751634 0.8994140625 0.46143790849673205 0.904296875 0.40261437908496733 0.92578125 0.38562091503267976 0.9296875 0.3764705882352941 0.935546875 0.3607843137254902 0.9404296875 0.34248366013071896 0.94921875 0.3333333333333333 0.9501953125 0.31241830065359477 0.95703125 0.2797385620915033 0.970703125 0.24705882352941178 0.98046875 0.22483660130718955 0.9912109375 0.21568627450980393 0.9931640625 0.21176470588235294 0.9921875 0.2065359477124183 0.9833984375 0.20522875816993463 0.9755859375 0.2065359477124183 0.9658203125 0.20915032679738563 0.9638671875 0.2130718954248366 0.9658203125 0.23006535947712417 0.966796875 0.24313725490196078 0.962890625 0.2522875816993464 0.955078125 0.27058823529411763 0.9501953125 0.2758169934640523 0.9453125 0.2928104575163399 0.9375 0.30718954248366015 0.927734375 0.32679738562091504 0.9208984375 0.33464052287581697 0.91015625 0.36209150326797385 0.9140625 0.3686274509803922 0.9130859375 0.3908496732026144 0.904296875 0.4013071895424837 0.90234375 0.4196078431372549 0.892578125 0.4326797385620915 0.8896484375 0.4562091503267974 0.8798828125 0.4666666666666667 0.8701171875 0.48366013071895425 0.87109375 0.49019607843137253 0.869140625 0.5032679738562091 0.8623046875 0.5176470588235295 0.859375 0.5254901960784314 0.853515625 0.5359477124183006 0.8525390625 0.5490196078431373 0.845703125 0.5633986928104575 0.8427734375 0.5725490196078431 0.8349609375 0.5882352941176471 0.833984375 0.6 0.8271484375 0.6104575163398693 0.826171875 0.6379084967320261 0.8134765625 0.6535947712418301 0.8095703125 0.6601307189542484 0.8046875 0.661437908496732 0.7841796875
1 0.04967320261437908 0.90234375 0.05359477124183006 0.904296875 0.07058823529411765 0.9033203125 0.13333333333333333 0.8828125 0.13986928104575164 0.8828125 0.15163398692810456 0.8759765625 0.17124183006535948 0.873046875 0.18169934640522875 0.869140625 0.19084967320261437 0.869140625 0.19084967320261437 0.8720703125 0.16601307189542483 0.8837890625 0.14248366013071895 0.888671875 0.11764705882352941 0.8984375 0.10326797385620914 0.9013671875 0.08888888888888889 0.908203125 0.054901960784313725 0.916015625 0 0.9345703125 0 0.91796875 0.03790849673202614 0.9072265625 0.044444444444444446 0.90234375 0.048366013071895426 0.90234375
1 0.5045751633986928 0.7451171875 0.5098039215686274 0.748046875 0.5084967320261438 0.7548828125 0.49411764705882355 0.76171875 0.47320261437908495 0.765625 0.45751633986928103 0.7724609375 0.4326797385620915 0.7763671875 0.4143790849673203 0.7822265625 0.41045751633986927 0.7861328125 0.4013071895424837 0.7890625 0.3934640522875817 0.7890625 0.3869281045751634 0.79296875 0.3790849673202614 0.79296875 0.3411764705882353 0.806640625 0.32679738562091504 0.8076171875 0.3150326797385621 0.8134765625 0.28627450980392155 0.8212890625 0.2823529411764706 0.82421875 0.2758169934640523 0.82421875 0.2601307189542484 0.8291015625 0.25098039215686274 0.8291015625 0.23137254901960785 0.837890625 0.2196078431372549 0.841796875 0.20784313725490197 0.8427734375 0.20261437908496732 0.845703125 0.2 0.845703125 0.19738562091503267 0.841796875 0.19869281045751633 0.833984375 0.20261437908496732 0.8310546875 0.2196078431372549 0.828125 0.2235294117647059 0.82421875 0.23921568627450981 0.82421875 0.25359477124183005 0.8173828125 0.26405228758169935 0.8154296875 0.2758169934640523 0.8076171875 0.2797385620915033 0.8017578125 0.29673202614379085 0.8017578125 0.29934640522875816 0.7998046875 0.2954248366013072 0.796875 0.28627450980392155 0.7958984375 0.28888888888888886 0.7900390625 0.2928104575163399 0.7900390625 0.2954248366013072 0.794921875 0.3006535947712418 0.791015625 0.30196078431372547 0.80078125 0.3084967320261438 0.7939453125 0.30980392156862746 0.7861328125 0.31895424836601305 0.7900390625 0.3150326797385621 0.7919921875 0.31633986928104574 0.7978515625 0.3202614379084967 0.794921875 0.3241830065359477 0.7958984375 0.3281045751633987 0.79296875 0.33464052287581697 0.7919921875 0.338562091503268 0.78515625 0.330718954248366 0.779296875 0.3359477124183007 0.779296875 0.3477124183006536 0.7724609375 0.3568627450980392 0.7548828125 0.3633986928104575 0.7587890625 0.36993464052287583 0.7587890625 0.38562091503267976 0.767578125 0.40522875816993464 0.7705078125 0.4065359477124183 0.7685546875 0.4169934640522876 0.7666015625 0.42091503267973857 0.7685546875 0.4300653594771242 0.767578125 0.4366013071895425 0.7626953125 0.45359477124183006 0.7587890625 0.469281045751634 0.75 0.5032679738562091 0.74609375