1 0.9033674963396779 0.48828125 0.9077598828696926 0.49609375 0.9077598828696926 0.5 0.9033674963396779 0.505859375 0.8975109809663251 0.498046875 0.8931185944363104 0.5078125 0.8916544655929722 0.505859375 0.8726207906295754 0.509765625 0.8609077598828697 0.5078125 0.8550512445095169 0.513671875 0.8506588579795022 0.513671875 0.8477306002928258 0.5078125 0.8404099560761347 0.515625 0.8374816983894583 0.515625 0.8316251830161054 0.505859375 0.828696925329429 0.505859375 0.8169838945827232 0.509765625 0.8125915080527086 0.517578125 0.8067349926793558 0.517578125 0.8023426061493412 0.51171875 0.787701317715959 0.513671875 0.7789165446559297 0.525390625 0.7715959004392386 0.515625 0.7686676427525623 0.515625 0.7642752562225475 0.51953125 0.7584187408491947 0.517578125 0.7554904831625183 0.521484375 0.7554904831625183 0.529296875 0.7510980966325037 0.533203125 0.7379209370424598 0.525390625 0.7349926793557833 0.51953125 0.7276720351390923 0.517578125 0.7247437774524158 0.521484375 0.726207906295754 0.529296875 0.7218155197657394 0.53515625 0.7130307467057101 0.53515625 0.7115666178623719 0.525390625 0.705710102489019 0.513671875 0.7042459736456809 0.5234375 0.6764275256222547 0.525390625 0.6749633967789166 0.52734375 0.664714494875549 0.5234375 0.6632503660322109 0.525390625 0.664714494875549 0.5390625 0.6617862371888726 0.54296875 0.6559297218155198 0.544921875 0.6515373352855052 0.544921875 0.6442166910688141 0.53125 0.6412884333821376 0.53125 0.6398243045387995 0.53515625 0.6383601756954612 0.533203125 0.6310395314787701 0.53515625 0.6222547584187409 0.533203125 0.6193265007320644 0.5390625 0.6193265007320644 0.544921875 0.6120058565153733 0.55078125 0.6046852122986823 0.548828125 0.6017569546120058 0.544921875 0.6002928257686676 0.537109375 0.5871156661786238 0.537109375 0.5856515373352855 0.525390625 0.6046852122986823 0.521484375 0.6134699853587116 0.521484375 0.6222547584187409 0.525390625 0.6251830161054173 0.521484375 0.6456808199121523 0.51953125 0.6471449487554904 0.517578125 0.6661786237188873 0.517578125 0.6910688140556369 0.51171875 0.7159590043923866 0.51171875 0.726207906295754 0.5078125 0.7481698389458272 0.5078125 0.7642752562225475 0.50390625 0.8038067349926794 0.501953125 0.8052708638360175 0.5 0.849194729136164 0.49609375 0.8506588579795022 0.494140625 0.8579795021961932 0.49609375 0.8594436310395315 0.494140625 0.8696925329428989 0.494140625 0.8726207906295754 0.490234375 0.8828696925329429 0.4921875 0.8945827232796486 0.490234375 0.8945827232796486 0.494140625 0.8975109809663251 0.498046875 0.9019033674963397 0.490234375
1 0.6530014641288433 0.517578125 0.6559297218155198 0.521484375 0.6617862371888726 0.51953125 0.6632503660322109 0.521484375 0.6617862371888726 0.529296875 0.6588579795021962 0.52734375 0.657393850658858 0.521484375 0.6515373352855052 0.51953125 0.6471449487554904 0.525390625 0.6486090775988287 0.52734375 0.6471449487554904 0.53125 0.6412884333821376 0.529296875 0.6325036603221084 0.53125 0.6281112737920937 0.53515625 0.6207906295754027 0.53515625 0.6178623718887262 0.544921875 0.6149341142020498 0.54296875 0.6120058565153733 0.533203125 0.6076134699853587 0.5390625 0.6076134699853587 0.548828125 0.6046852122986823 0.548828125 0.6032210834553441 0.541015625 0.6002928257686676 0.537109375 0.5944363103953147 0.5390625 0.575402635431918 0.5390625 0.5739385065885798 0.537109375 0.5695461200585652 0.544921875 0.5695461200585652 0.55078125 0.5636896046852123 0.556640625 0.5666178623718887 0.552734375 0.5622254758418741 0.544921875 0.5607613469985359 0.53515625 0.5563689604685212 0.533203125 0.5534407027818448 0.5390625 0.5578330893118595 0.556640625 0.5534407027818448 0.552734375 0.5534407027818448 0.546875 0.5505124450951684 0.54296875 0.5446559297218155 0.54296875 0.5373352855051244 0.546875 0.5168374816983895 0.546875 0.513909224011713 0.552734375 0.513909224011713 0.5625 0.5109809663250366 0.56640625 0.5007320644216691 0.56640625 0.493411420204978 0.548828125 0.4904831625183016 0.548828125 0.48755490483162517 0.552734375 0.4612005856515373 0.552734375 0.45973645680819913 0.5546875 0.45534407027818447 0.552734375 0.4480234260614934 0.55859375 0.4465592972181552 0.544921875 0.45241581259150804 0.54296875 0.45534407027818447 0.5390625 0.49487554904831627 0.537109375 0.5021961932650073 0.533203125 0.527086383601757 0.53125 0.5402635431918009 0.52734375 0.5431918008784773 0.529296875 0.5651537335285505 0.529296875 0.595900439238653 0.521484375 0.6149341142020498 0.521484375 0.6222547584187409 0.52734375 0.6266471449487555 0.521484375 0.6515373352855052 0.51953125
1 0.7862371888726208 0.431640625 0.787701317715959 0.43359375 0.8374816983894583 0.43359375 0.8389458272327965 0.431640625 0.8433382137628112 0.43359375 0.8594436310395315 0.43359375 0.8609077598828697 0.431640625 0.9092240117130308 0.43359375 0.91800878477306 0.431640625 0.9253294289897511 0.43359375 0.9282576866764275 0.447265625 0.9267935578330894 0.44921875 0.9121522693997072 0.447265625 0.9106881405563689 0.451171875 0.9048316251830161 0.451171875 0.9004392386530015 0.4453125 0.8989751098096632 0.447265625 0.8843338213762811 0.447265625 0.8828696925329429 0.4453125 0.862371888726208 0.44921875 0.8404099560761347 0.44921875 0.8345534407027818 0.458984375 0.828696925329429 0.45703125 0.8052708638360175 0.458984375 0.7994143484626647 0.453125 0.7862371888726208 0.453125 0.780380673499268 0.4609375 0.7774524158125915 0.4609375 0.7715959004392386 0.455078125 0.7686676427525623 0.458984375 0.7540263543191801 0.458984375 0.7510980966325037 0.462890625 0.7437774524158126 0.4609375 0.7408491947291361 0.455078125 0.7232796486090776 0.453125 0.7144948755490483 0.458984375 0.7218155197657394 0.4609375 0.7218155197657394 0.462890625 0.7115666178623719 0.462890625 0.7071742313323572 0.455078125 0.6925329428989752 0.455078125 0.6852122986822841 0.45703125 0.6837481698389458 0.458984375 0.6881405563689604 0.4609375 0.6852122986822841 0.46484375 0.6808199121522694 0.46484375 0.6749633967789166 0.45703125 0.6691068814055637 0.455078125 0.6515373352855052 0.455078125 0.6354319180087847 0.451171875 0.6310395314787701 0.45703125 0.623718887262079 0.455078125 0.6046852122986823 0.45703125 0.6017569546120058 0.4609375 0.6002928257686676 0.46875 0.5915080527086384 0.46875 0.6017569546120058 0.466796875 0.5973645680819912 0.45703125 0.5944363103953147 0.458984375 0.595900439238653 0.45703125 0.5944363103953147 0.455078125 0.5856515373352855 0.458984375 0.582723279648609 0.45703125 0.5607613469985359 0.45703125 0.5563689604685212 0.4609375 0.5446559297218155 0.458984375 0.5402635431918009 0.462890625 0.5431918008784773 0.466796875 0.5461200585651538 0.46484375 0.5490483162518301 0.46875 0.5490483162518301 0.47265625 0.5387994143484627 0.47265625 0.5373352855051244 0.46875 0.5387994143484627 0.462890625 0.5314787701317716 0.458984375 0.5124450951683748 0.458984375 0.5109809663250366 0.4609375 0.493411420204978 0.458984375 0.4904831625183016 0.46484375 0.48755490483162517 0.458984375 0.4802342606149341 0.4609375 0.4787701317715959 0.458984375 0.45241581259150804 0.458984375 0.4480234260614934 0.4609375 0.44363103953147875 0.453125 0.4333821376281113 0.453125 0.4333821376281113 0.44921875 0.4289897510980966 0.447265625 0.42752562225475843 0.44921875 0.4289897510980966 0.453125 0.424597364568082 0.46484375 0.4216691068814056 0.4609375 0.42020497803806733 0.462890625 0.36603221083455345 0.4609375 0.3616398243045388 0.45703125 0.35724743777452417 0.458984375 0.3557833089311859 0.455078125 0.3528550512445095 0.455078125 0.3484626647144949 0.462890625 0.3484626647144949 0.470703125 0.35431918008784774 0.482421875 0.35871156661786235 0.48046875 0.363103953147877 0.482421875 0.35431918008784774 0.482421875 0.3484626647144949 0.4765625 0.3440702781844802 0.4765625 0.33821376281112736 0.46875 0.3308931185944363 0.470703125 0.3294289897510981 0.46875 0.3308931185944363 0.46484375 0.32650073206442165 0.4609375 0.3235724743777452 0.462890625 0.30307467057101023 0.458984375 0.2986822840409956 0.462890625 0.2840409956076135 0.462890625 0.28257686676427524 0.46484375 0.2635431918008785 0.462890625 0.2547584187408492 0.466796875 0.22840409956076135 0.466796875 0.21669106881405564 0.458984375 0.21522693997071743 0.451171875 0.212298682284041 0.447265625 0.20937042459736457 0.45703125 0.19765739385065886 0.458984375 0.1903367496339678 0.466796875 0.16544655929721816 0.466796875 0.16398243045387995 0.46875 0.16251830161054173 0.466796875 0.13616398243045388 0.46484375 0.12884333821376281 0.46875 0.11127379209370425 0.46875 0.10980966325036604 0.466796875 0.07027818448023426 0.46875 0.06734992679355783 0.458984375 0.06149341142020498 0.4609375 0.05710102489019034 0.455078125 0.060029282576866766 0.453125 0.05417276720351391 0.451171875 0.04685212298682284 0.4609375 0.032210834553440704 0.4609375 0.024890190336749635 0.47265625 0.005856515373352855 0.47265625 0 0.470703125 0 0.4453125 0.027818448023426062 0.4453125 0.029282576866764276 0.443359375 0.03074670571010249 0.4453125 0.05124450951683748 0.4453125 0.0527086383601757 0.447265625 0.06734992679355783 0.443359375 0.07320644216691069 0.4453125 0.1273792093704246 0.443359375 0.13323572474377746 0.4453125 0.1376281112737921 0.453125 0.14348462664714495 0.4453125 0.15373352855051245 0.443359375 0.2225475841874085 0.4453125 0.2240117130307467 0.443359375 0.2562225475841874 0.443359375 0.25768667642752563 0.44140625 0.27232796486090777 0.44140625 0.27379209370424595 0.443359375 0.2840409956076135 0.44140625 0.46266471449487556 0.44140625 0.46412884333821375 0.439453125 0.4743777452415813 0.439453125 0.47584187408491946 0.44140625 0.48462664714494874 0.439453125 0.48755490483162517 0.44140625 0.4890190336749634 0.439453125 0.5183016105417276 0.439453125 0.5197657393850659 0.4375 0.6134699853587116 0.4375 0.6149341142020498 0.435546875 0.6588579795021962 0.4375 0.6705710102489019 0.43359375 0.6837481698389458 0.43359375 0.6852122986822841 0.435546875 0.6910688140556369 0.43359375 0.7013177159590044 0.435546875 0.7847730600292826 0.43359375
1 0.03074670571010249 0.115234375 0.05124450951683748 0.115234375 0.07027818448023426 0.125 0.0951683748169839 0.125 0.10395314787701318 0.12890625 0.11273792093704246 0.12890625 0.1273792093704246 0.1328125 0.13616398243045388 0.13671875 0.1390922401171303 0.140625 0.14348462664714495 0.13671875 0.14641288433382138 0.138671875 0.1493411420204978 0.13671875 0.17715959004392387 0.142578125 0.18887262079062958 0.150390625 0.19326500732064422 0.16015625 0.1903367496339678 0.162109375 0.18887262079062958 0.181640625 0.18594436310395315 0.19140625 0.17715959004392387 0.19140625 0.17423133235724744 0.1875 0.1698389458272328 0.1875 0.16691068814055637 0.185546875 0.1683748169838946 0.177734375 0.16398243045387995 0.17578125 0.16105417276720352 0.169921875 0.1478770131771596 0.16796875 0.14055636896046853 0.162109375 0.12884333821376281 0.162109375 0.1259150805270864 0.169921875 0.12445095168374817 0.16796875 0.1259150805270864 0.1640625 0.12298682284040996 0.16015625 0.12005856515373353 0.1640625 0.12152269399707175 0.169921875 0.11859443631039532 0.173828125 0.11859443631039532 0.177734375 0.11273792093704246 0.177734375 0.11420204978038068 0.171875 0.10688140556368961 0.166015625 0.1054172767203514 0.15625 0.09077598828696926 0.154296875 0.08199121522693997 0.1484375 0.07027818448023426 0.1484375 0.06734992679355783 0.15234375 0.05856515373352855 0.154296875 0.055636896046852125 0.154296875 0.05124450951683748 0.1484375 0.0424597364568082 0.150390625 0.03953147877013177 0.146484375 0.03806734992679356 0.13671875 0.03513909224011713 0.1328125 0.03074670571010249 0.1171875
1 0.8462664714494875 0.55078125 0.8521229868228404 0.552734375 0.8550512445095169 0.556640625 0.8506588579795022 0.5546875 0.8448023426061494 0.560546875 0.8418740849194729 0.55859375 0.83601756954612 0.564453125 0.821376281112738 0.568359375 0.8155197657393851 0.57421875 0.8067349926793558 0.572265625 0.7950219619326501 0.576171875 0.7950219619326501 0.572265625 0.7920937042459737 0.5703125 0.7891654465592972 0.576171875 0.7862371888726208 0.572265625 0.7818448023426061 0.572265625 0.780380673499268 0.576171875 0.7759882869692533 0.578125 0.7510980966325037 0.583984375 0.7408491947291361 0.583984375 0.7232796486090776 0.591796875 0.6793557833089312 0.59765625 0.6617862371888726 0.60546875 0.6471449487554904 0.60546875 0.6427525622254758 0.59765625 0.6383601756954612 0.60546875 0.6281112737920937 0.611328125 0.6090775988286969 0.61328125 0.5900439238653001 0.619140625 0.5783308931185944 0.619140625 0.5724743777452416 0.623046875 0.5519765739385066 0.626953125 0.5490483162518301 0.630859375 0.5490483162518301 0.640625 0.5431918008784773 0.63671875 0.5358711566617862 0.638671875 0.5329428989751098 0.6328125 0.5183016105417276 0.6328125 0.5124450951683748 0.623046875 0.513909224011713 0.619140625 0.5285505124450952 0.615234375 0.5329428989751098 0.611328125 0.5358711566617862 0.61328125 0.5490483162518301 0.609375 0.5578330893118595 0.611328125 0.568081991215227 0.607421875 0.5797950219619327 0.607421875 0.5885797950219619 0.603515625 0.6090775988286969 0.6015625 0.6134699853587116 0.59765625 0.6310395314787701 0.59375 0.6383601756954612 0.59375 0.6398243045387995 0.59765625 0.6442166910688141 0.59765625 0.6456808199121523 0.595703125 0.6442166910688141 0.591796875 0.6749633967789166 0.5859375 0.677891654465593 0.58203125 0.6998535871156661 0.58203125 0.7115666178623719 0.578125 0.726207906295754 0.578125 0.7759882869692533 0.5625 0.7789165446559297 0.564453125 0.7979502196193266 0.55859375 0.808199121522694 0.55859375 0.8199121522693997 0.552734375 0.8448023426061494 0.55078125
1 0.9736456808199122 0.560546875 0.9736456808199122 0.5625 0.9663250366032211 0.56640625 0.9575402635431918 0.564453125 0.9560761346998536 0.5703125 0.9516837481698389 0.5703125 0.9472913616398243 0.57421875 0.9253294289897511 0.578125 0.9194729136163983 0.580078125 0.9165446559297218 0.583984375 0.9062957540263543 0.583984375 0.9033674963396779 0.587890625 0.8814055636896047 0.59375 0.8726207906295754 0.599609375 0.8696925329428989 0.60546875 0.862371888726208 0.6015625 0.787701317715959 0.625 0.7789165446559297 0.625 0.7774524158125915 0.62109375 0.7745241581259151 0.62109375 0.7715959004392386 0.6328125 0.7701317715959004 0.62890625 0.767203513909224 0.62890625 0.7628111273792094 0.6328125 0.7408491947291361 0.63671875 0.7306002928257687 0.6484375 0.7276720351390923 0.642578125 0.718887262079063 0.640625 0.6910688140556369 0.654296875 0.6808199121522694 0.65625 0.6764275256222547 0.662109375 0.677891654465593 0.66796875 0.6720351390922401 0.673828125 0.6676427525622255 0.673828125 0.664714494875549 0.662109375 0.6617862371888726 0.666015625 0.6325036603221084 0.669921875 0.6017569546120058 0.681640625 0.5739385065885798 0.6875 0.5695461200585652 0.69140625 0.5592972181551976 0.69140625 0.4992679355783309 0.708984375 0.47144948755490484 0.7109375 0.4699853587115666 0.70703125 0.465592972181552 0.70703125 0.4582723279648609 0.712890625 0.4582723279648609 0.71875 0.445095168374817 0.7265625 0.42752562225475843 0.728515625 0.4143484626647145 0.734375 0.4055636896046852 0.734375 0.3967789165446559 0.740234375 0.37774524158125916 0.744140625 0.363103953147877 0.751953125 0.3484626647144949 0.755859375 0.3323572474377745 0.7578125 0.3308931185944363 0.75390625 0.3279648609077599 0.759765625 0.3279648609077599 0.76953125 0.3235724743777452 0.767578125 0.32210834553440704 0.755859375 0.3162518301610542 0.751953125 0.3103953147877013 0.759765625 0.3074670571010249 0.755859375 0.30307467057101023 0.7578125 0.30307467057101023 0.765625 0.3001464128843338 0.7734375 0.30161054172767204 0.779296875 0.2972181551976574 0.771484375 0.2884333821376281 0.775390625 0.27379209370424595 0.77734375 0.26939970717423134 0.76171875 0.28989751098096633 0.751953125 0.3162518301610542 0.748046875 0.3191800878477306 0.744140625 0.3294289897510981 0.740234375 0.363103953147877 0.73828125 0.37481698389458273 0.728515625 0.3923865300146413 0.7265625 0.404099560761347 0.720703125 0.42313323572474376 0.71875 0.4568081991215227 0.705078125 0.4685212298682284 0.705078125 0.4816983894582723 0.697265625 0.49487554904831627 0.6953125 0.5007320644216691 0.69140625 0.5124450951683748 0.69140625 0.5256222547584187 0.685546875 0.5578330893118595 0.6796875 0.5636896046852123 0.677734375 0.5695461200585652 0.671875 0.5841874084919473 0.66796875 0.5988286969253295 0.66796875 0.6207906295754027 0.662109375 0.6383601756954612 0.654296875 0.6515373352855052 0.65234375 0.677891654465593 0.642578125 0.6866764275256223 0.642578125 0.726207906295754 0.626953125 0.7452415812591509 0.625 0.7525622254758418 0.62109375 0.7657393850658858 0.62109375 0.7759882869692533 0.615234375 0.7847730600292826 0.615234375 0.8067349926793558 0.607421875 0.8169838945827232 0.60546875 0.8272327964860908 0.607421875 0.8330893118594437 0.603515625 0.83601756954612 0.59765625 0.849194729136164 0.591796875 0.8609077598828697 0.591796875 0.8653001464128843 0.587890625 0.8784773060029283 0.583984375 0.8960468521229868 0.583984375 0.9004392386530015 0.580078125 0.9077598828696926 0.58203125 0.9092240117130308 0.576171875 0.9355783308931186 0.5703125 0.9487554904831625 0.564453125 0.9531478770131772 0.56640625 0.9619326500732065 0.560546875 0.972181551976574 0.560546875
1 0.4407027818448023 0.0625 0.45241581259150804 0.068359375 0.47584187408491946 0.072265625 0.4890190336749634 0.080078125 0.5051244509516838 0.083984375 0.5109809663250366 0.087890625 0.5153733528550513 0.0859375 0.5329428989751098 0.09765625 0.5373352855051244 0.09765625 0.5402635431918009 0.1015625 0.5519765739385066 0.1015625 0.5636896046852123 0.11328125 0.5724743777452416 0.111328125 0.5768667642752562 0.115234375 0.5885797950219619 0.115234375 0.6002928257686676 0.123046875 0.6046852122986823 0.123046875 0.6076134699853587 0.12890625 0.6251830161054173 0.130859375 0.6339677891654466 0.13671875 0.6339677891654466 0.140625 0.636896046852123 0.14453125 0.6383601756954612 0.13671875 0.6398243045387995 0.13671875 0.6486090775988287 0.142578125 0.6617862371888726 0.142578125 0.664714494875549 0.146484375 0.6866764275256223 0.150390625 0.6954612005856515 0.15625 0.7174231332357247 0.162109375 0.7364568081991215 0.173828125 0.7437774524158126 0.173828125 0.7569546120058566 0.181640625 0.7584187408491947 0.189453125 0.7540263543191801 0.189453125 0.7525622254758418 0.1953125 0.7496339677891655 0.1953125 0.7496339677891655 0.189453125 0.746705710102489 0.185546875 0.7437774524158126 0.1875 0.7364568081991215 0.17578125 0.7335285505124451 0.17578125 0.7306002928257687 0.171875 0.7218155197657394 0.181640625 0.7130307467057101 0.181640625 0.7101024890190337 0.177734375 0.6954612005856515 0.173828125 0.6881405563689604 0.17578125 0.6881405563689604 0.171875 0.6822840409956076 0.166015625 0.6793557833089312 0.16796875 0.6808199121522694 0.17578125 0.6793557833089312 0.1796875 0.6749633967789166 0.1796875 0.6691068814055637 0.173828125 0.6632503660322109 0.173828125 0.6603221083455344 0.169921875 0.6544655929721815 0.16796875 0.6500732064421669 0.171875 0.636896046852123 0.16796875 0.6281112737920937 0.169921875 0.623718887262079 0.166015625 0.616398243045388 0.166015625 0.6090775988286969 0.16015625 0.6090775988286969 0.15625 0.6178623718887262 0.154296875 0.6149341142020498 0.150390625 0.616398243045388 0.146484375 0.6134699853587116 0.14453125 0.6149341142020498 0.138671875 0.6120058565153733 0.1328125 0.6076134699853587 0.13671875 0.6105417276720352 0.146484375 0.6046852122986823 0.154296875 0.6032210834553441 0.15234375 0.5871156661786238 0.15234375 0.582723279648609 0.1484375 0.5563689604685212 0.138671875 0.5490483162518301 0.130859375 0.5461200585651538 0.130859375 0.5446559297218155 0.1328125 0.5461200585651538 0.134765625 0.541727672035139 0.134765625 0.5314787701317716 0.12890625 0.5241581259150805 0.12890625 0.5183016105417276 0.125 0.5021961932650073 0.12109375 0.5080527086383602 0.119140625 0.5021961932650073 0.115234375 0.4978038067349927 0.119140625 0.48755490483162517 0.115234375 0.4773060029282577 0.119140625 0.47144948755490484 0.115234375 0.46412884333821375 0.115234375 0.45095168374816985 0.10546875 0.4363103953147877 0.099609375 0.43484626647144947 0.091796875 0.43045387994143486 0.083984375 0.43191800878477304 0.07421875 0.4289897510980966 0.0703125 0.43191800878477304 0.0625 0.43923865300146414 0.0625
1 0.445095168374817 0.064453125 0.45534407027818447 0.0703125 0.465592972181552 0.0703125 0.4787701317715959 0.07421875 0.49633967789165445 0.083984375 0.5036603221083455 0.083984375 0.5095168374816984 0.087890625 0.5153733528550513 0.0859375 0.5329428989751098 0.09765625 0.5373352855051244 0.09765625 0.5402635431918009 0.1015625 0.5505124450951684 0.1015625 0.5636896046852123 0.11328125 0.5710102489019033 0.111328125 0.5768667642752562 0.115234375 0.5885797950219619 0.115234375 0.5929721815519766 0.119140625 0.6061493411420205 0.123046875 0.6076134699853587 0.126953125 0.623718887262079 0.12890625 0.6295754026354319 0.134765625 0.6427525622254758 0.13671875 0.6515373352855052 0.142578125 0.6617862371888726 0.142578125 0.6793557833089312 0.150390625 0.6881405563689604 0.150390625 0.6969253294289898 0.15625 0.7247437774524158 0.1640625 0.746705710102489 0.17578125 0.7789165446559297 0.181640625 0.7818448023426061 0.1875 0.7657393850658858 0.201171875 0.7613469985358712 0.197265625 0.7481698389458272 0.201171875 0.7437774524158126 0.19921875 0.7423133235724744 0.19140625 0.7379209370424598 0.185546875 0.7276720351390923 0.189453125 0.7130307467057101 0.18359375 0.7086383601756955 0.177734375 0.6734992679355783 0.1796875 0.6617862371888726 0.173828125 0.6295754026354319 0.171875 0.6222547584187409 0.166015625 0.6090775988286969 0.1640625 0.6017569546120058 0.154296875 0.595900439238653 0.154296875 0.5666178623718887 0.142578125 0.5636896046852123 0.138671875 0.5578330893118595 0.13671875 0.5563689604685212 0.123046875 0.5519765739385066 0.123046875 0.5461200585651538 0.134765625 0.5373352855051244 0.1328125 0.5344070278184481 0.12890625 0.5256222547584187 0.12890625 0.5212298682284041 0.125 0.5124450951683748 0.125 0.5065885797950219 0.12109375 0.5124450951683748 0.12109375 0.513909224011713 0.11328125 0.5095168374816984 0.1015625 0.5051244509516838 0.099609375 0.5007320644216691 0.08984375 0.49633967789165445 0.095703125 0.49487554904831627 0.10546875 0.49487554904831627 0.11328125 0.4978038067349927 0.1171875 0.49194729136163984 0.115234375 0.493411420204978 0.111328125 0.4904831625183016 0.107421875 0.48462664714494874 0.107421875 0.4802342606149341 0.11328125 0.4699853587115666 0.111328125 0.4612005856515373 0.11328125 0.4363103953147877 0.095703125 0.43484626647144947 0.076171875 0.43191800878477304 0.06640625 0.43484626647144947 0.0625 0.44363103953147875 0.064453125
1 0.1698389458272328 0.29296875 0.18594436310395315 0.296875 0.21815519765739386 0.298828125 0.22840409956076135 0.302734375 0.2562225475841874 0.302734375 0.25768667642752563 0.3046875 0.2913616398243045 0.306640625 0.3001464128843338 0.310546875 0.3103953147877013 0.310546875 0.31332357247437775 0.318359375 0.31332357247437775 0.328125 0.3074670571010249 0.326171875 0.2957540263543192 0.328125 0.28989751098096633 0.32421875 0.28257686676427524 0.326171875 0.2518301610541728 0.3203125 0.20790629575402636 0.318359375 0.19912152269399708 0.31640625 0.19472913616398244 0.310546875 0.18740849194729137 0.31640625 0.17715959004392387 0.31640625 0.17569546120058566 0.314453125 0.1683748169838946 0.31640625 0.16105417276720352 0.314453125 0.15666178623718888 0.310546875 0.15519765739385066 0.3046875 0.15666178623718888 0.294921875 0.1683748169838946 0.29296875
1 0.14494875549048317 0.29296875 0.18301610541727673 0.29296875 0.2005856515373353 0.296875 0.21961932650073207 0.296875 0.2430453879941435 0.302734375 0.2445095168374817 0.30078125 0.2547584187408492 0.30078125 0.2562225475841874 0.302734375 0.2913616398243045 0.3046875 0.29282576866764276 0.306640625 0.32503660322108346 0.306640625 0.32650073206442165 0.30859375 0.3323572474377745 0.306640625 0.35871156661786235 0.314453125 0.38799414348462663 0.3125 0.41142020497803805 0.3203125 0.4289897510980966 0.318359375 0.45241581259150804 0.32421875 0.5387994143484627 0.330078125 0.5402635431918009 0.33203125 0.5461200585651538 0.330078125 0.5519765739385066 0.333984375 0.5885797950219619 0.333984375 0.5900439238653001 0.3359375 0.6193265007320644 0.337890625 0.6207906295754027 0.33984375 0.6705710102489019 0.34375 0.677891654465593 0.34765625 0.726207906295754 0.349609375 0.7291361639824304 0.3515625 0.7291361639824304 0.361328125 0.7203513909224012 0.36328125 0.7159590043923866 0.361328125 0.7130307467057101 0.365234375 0.7130307467057101 0.369140625 0.7086383601756955 0.37109375 0.705710102489019 0.37109375 0.6998535871156661 0.36328125 0.6749633967789166 0.36328125 0.6676427525622255 0.373046875 0.657393850658858 0.37109375 0.6559297218155198 0.365234375 0.6500732064421669 0.359375 0.6281112737920937 0.359375 0.6251830161054173 0.36328125 0.6193265007320644 0.35546875 0.616398243045388 0.35546875 0.6134699853587116 0.349609375 0.6105417276720352 0.3515625 0.6090775988286969 0.365234375 0.6017569546120058 0.365234375 0.5973645680819912 0.359375 0.5783308931185944 0.353515625 0.5710102489019033 0.3671875 0.5563689604685212 0.369140625 0.5519765739385066 0.365234375 0.5475841874084919 0.35546875 0.5007320644216691 0.345703125 0.4816983894582723 0.345703125 0.4802342606149341 0.34375 0.4773060029282577 0.34765625 0.47584187408491946 0.357421875 0.46412884333821375 0.35546875 0.45973645680819913 0.359375 0.45534407027818447 0.359375 0.4538799414348463 0.357421875 0.45534407027818447 0.35546875 0.45241581259150804 0.353515625 0.4494875549048316 0.34375 0.4465592972181552 0.345703125 0.43923865300146414 0.341796875 0.4143484626647145 0.34375 0.41142020497803805 0.33984375 0.3923865300146413 0.33984375 0.39092240117130306 0.337890625 0.38653001464128844 0.337890625 0.383601756954612 0.341796875 0.3718887262079063 0.341796875 0.3645680819912152 0.3359375 0.3557833089311859 0.333984375 0.3528550512445095 0.337890625 0.3513909224011713 0.345703125 0.3528550512445095 0.34765625 0.3484626647144949 0.353515625 0.3279648609077599 0.34765625 0.3235724743777452 0.341796875 0.3118594436310395 0.345703125 0.30453879941434847 0.34375 0.3001464128843338 0.337890625 0.29428989751098095 0.33984375 0.28550512445095166 0.337890625 0.2796486090775988 0.328125 0.24597364568081992 0.32421875 0.2445095168374817 0.322265625 0.23865300146412885 0.32421875 0.23718887262079064 0.322265625 0.21815519765739386 0.322265625 0.21669106881405564 0.3203125 0.2108345534407028 0.322265625 0.19619326500732065 0.318359375 0.16544655929721816 0.318359375 0.15666178623718888 0.314453125 0.15373352855051245 0.318359375 0.15373352855051245 0.326171875 0.1493411420204978 0.3203125 0.14641288433382138 0.29296875
1 0.043923865300146414 0.1171875 0.04538799414348463 0.119140625 0.05710102489019034 0.119140625 0.060029282576866766 0.123046875 0.0746705710102489 0.12890625 0.1054172767203514 0.12890625 0.12005856515373353 0.1328125 0.1259150805270864 0.13671875 0.12884333821376281 0.142578125 0.13177159590043924 0.142578125 0.13323572474377746 0.14453125 0.13030746705710103 0.146484375 0.13323572474377746 0.150390625 0.13616398243045388 0.150390625 0.14348462664714495 0.142578125 0.15080527086383602 0.140625 0.16251830161054173 0.140625 0.17423133235724744 0.146484375 0.1815519765739385 0.146484375 0.18594436310395315 0.1640625 0.17862371888726208 0.16796875 0.1478770131771596 0.162109375 0.13616398243045388 0.15625 0.13323572474377746 0.150390625 0.13030746705710103 0.150390625 0.1273792093704246 0.146484375 0.12298682284040996 0.146484375 0.12005856515373353 0.15234375 0.11273792093704246 0.154296875 0.08931185944363104 0.150390625 0.08199121522693997 0.146484375 0.0849194729136164 0.138671875 0.08199121522693997 0.130859375 0.07613469985358712 0.1328125 0.07906295754026355 0.146484375 0.04685212298682284 0.142578125 0.03953147877013177 0.13671875 0.036603221083455345 0.125 0.0424597364568082 0.1171875
1 0.14348462664714495 0.953125 0.14494875549048317 0.958984375 0.14348462664714495 0.962890625 0.1478770131771596 0.97265625 0.14641288433382138 0.986328125 0.14055636896046853 0.984375 0.1390922401171303 0.970703125 0.13323572474377746 0.9609375 0.13030746705710103 0.962890625 0.12445095168374817 0.9609375 0.12298682284040996 0.970703125 0.11859443631039532 0.97265625 0.12005856515373353 0.98046875 0.1171303074670571 0.982421875 0.10834553440702782 0.98046875 0.10834553440702782 0.9765625 0.1054172767203514 0.97265625 0.0951683748169839 0.98046875 0.09224011713030747 0.98046875 0.08784773060029283 0.974609375 0.09077598828696926 0.970703125 0.09809663250366032 0.966796875 0.10395314787701318 0.966796875 0.10688140556368961 0.962890625 0.12152269399707175 0.96484375 0.12445095168374817 0.958984375 0.1390922401171303 0.951171875 0.14202049780380674 0.953125
1 0.14348462664714495 0.29296875 0.18301610541727673 0.29296875 0.2005856515373353 0.296875 0.21961932650073207 0.296875 0.22986822840409957 0.30078125 0.2547584187408492 0.30078125 0.2562225475841874 0.302734375 0.2913616398243045 0.3046875 0.29282576866764276 0.306640625 0.3235724743777452 0.306640625 0.32503660322108346 0.30859375 0.3323572474377745 0.306640625 0.35724743777452417 0.314453125 0.38653001464128844 0.3125 0.41142020497803805 0.3203125 0.4289897510980966 0.318359375 0.43045387994143486 0.3203125 0.44216691068814057 0.3203125 0.45241581259150804 0.32421875 0.4699853587115666 0.32421875 0.47144948755490484 0.326171875 0.5387994143484627 0.330078125 0.5402635431918009 0.33203125 0.5461200585651538 0.330078125 0.5534407027818448 0.333984375 0.5900439238653001 0.333984375 0.5915080527086384 0.3359375 0.6061493411420205 0.3359375 0.6222547584187409 0.33984375 0.6471449487554904 0.33984375 0.6808199121522694 0.34765625 0.7203513909224012 0.345703125 0.7291361639824304 0.34765625 0.7320644216691069 0.3515625 0.7320644216691069 0.359375 0.726207906295754 0.365234375 0.7159590043923866 0.365234375 0.7130307467057101 0.375 0.705710102489019 0.375 0.6998535871156661 0.365234375 0.6881405563689604 0.3671875 0.6808199121522694 0.36328125 0.6749633967789166 0.365234375 0.6691068814055637 0.373046875 0.6588579795021962 0.373046875 0.6530014641288433 0.361328125 0.6427525622254758 0.361328125 0.6412884333821376 0.359375 0.6339677891654466 0.361328125 0.6295754026354319 0.359375 0.6281112737920937 0.365234375 0.6251830161054173 0.3671875 0.6149341142020498 0.357421875 0.6120058565153733 0.359375 0.6120058565153733 0.365234375 0.6090775988286969 0.369140625 0.6017569546120058 0.365234375 0.6002928257686676 0.361328125 0.5856515373352855 0.357421875 0.5812591508052709 0.353515625 0.5783308931185944 0.353515625 0.5710102489019033 0.3671875 0.5563689604685212 0.369140625 0.5461200585651538 0.35546875 0.5314787701317716 0.353515625 0.527086383601757 0.349609375 0.4816983894582723 0.345703125 0.4802342606149341 0.34375 0.4773060029282577 0.34765625 0.47584187408491946 0.357421875 0.4685212298682284 0.35546875 0.46266471449487556 0.34765625 0.4612005856515373 0.3515625 0.46412884333821375 0.35546875 0.4568081991215227 0.359375 0.45534407027818447 0.357421875 0.4612005856515373 0.357421875 0.46266471449487556 0.353515625 0.4612005856515373 0.3515625 0.45241581259150804 0.353515625 0.4494875549048316 0.34375 0.4465592972181552 0.345703125 0.43923865300146414 0.341796875 0.41874084919472915 0.34375 0.4128843338213763 0.33984375 0.3938506588579795 0.33984375 0.3923865300146413 0.337890625 0.38653001464128844 0.337890625 0.383601756954612 0.341796875 0.3718887262079063 0.341796875 0.35724743777452417 0.333984375 0.3528550512445095 0.337890625 0.3513909224011713 0.3515625 0.3396778916544656 0.3515625 0.33382137628111275 0.34765625 0.3279648609077599 0.34765625 0.3235724743777452 0.341796875 0.30600292825768666 0.34375 0.3001464128843338 0.337890625 0.28550512445095166 0.337890625 0.2796486090775988 0.328125 0.24890190336749635 0.32421875 0.24743777452415813 0.322265625 0.24011713030746706 0.32421875 0.23865300146412885 0.322265625 0.19765739385065886 0.3203125 0.19619326500732065 0.318359375 0.16544655929721816 0.318359375 0.15519765739385066 0.314453125 0.15373352855051245 0.32421875 0.15080527086383602 0.32421875 0.1478770131771596 0.314453125 0.1478770131771596 0.296875 0.14494875549048317 0.29296875
1 0.9062957540263543 0.486328125 0.9092240117130308 0.494140625 0.9077598828696926 0.50390625 0.9048316251830161 0.505859375 0.8975109809663251 0.50390625 0.8945827232796486 0.5078125 0.890190336749634 0.505859375 0.8682284040995608 0.5078125 0.8667642752562226 0.509765625 0.8594436310395315 0.5078125 0.8535871156661786 0.509765625 0.8521229868228404 0.51171875 0.8535871156661786 0.513671875 0.8448023426061494 0.51171875 0.8389458272327965 0.515625 0.8316251830161054 0.5078125 0.8199121522693997 0.509765625 0.8140556368960469 0.515625 0.7891654465592972 0.513671875 0.780380673499268 0.51953125 0.7759882869692533 0.517578125 0.7569546120058566 0.51953125 0.7525622254758418 0.529296875 0.746705710102489 0.529296875 0.7364568081991215 0.5234375 0.7247437774524158 0.5234375 0.7232796486090776 0.525390625 0.718887262079063 0.521484375 0.7144948755490483 0.52734375 0.7115666178623719 0.525390625 0.6852122986822841 0.525390625 0.6676427525622255 0.529296875 0.6632503660322109 0.533203125 0.6588579795021962 0.529296875 0.657393850658858 0.5234375 0.6544655929721815 0.5234375 0.6500732064421669 0.5390625 0.6471449487554904 0.5390625 0.6442166910688141 0.53515625 0.6412884333821376 0.537109375 0.623718887262079 0.537109375 0.6193265007320644 0.54296875 0.6134699853587116 0.54296875 0.6090775988286969 0.546875 0.6032210834553441 0.546875 0.5973645680819912 0.5390625 0.595900439238653 0.541015625 0.5812591508052709 0.541015625 0.5739385065885798 0.54296875 0.5710102489019033 0.546875 0.5710102489019033 0.5546875 0.5651537335285505 0.55859375 0.5534407027818448 0.556640625 0.5490483162518301 0.546875 0.513909224011713 0.552734375 0.5080527086383602 0.54296875 0.5051244509516838 0.544921875 0.5021961932650073 0.54296875 0.5065885797950219 0.541015625 0.5080527086383602 0.5390625 0.5065885797950219 0.537109375 0.5007320644216691 0.537109375 0.4978038067349927 0.5546875 0.4787701317715959 0.5546875 0.47584187408491946 0.552734375 0.465592972181552 0.556640625 0.45534407027818447 0.556640625 0.4494875549048316 0.560546875 0.44216691068814057 0.556640625 0.4333821376281113 0.564453125 0.42752562225475843 0.564453125 0.42020497803806733 0.560546875 0.39824304538799415 0.56640625 0.38799414348462663 0.56640625 0.3850658857979502 0.5625 0.383601756954612 0.5546875 0.3806734992679356 0.55078125 0.37774524158125916 0.55078125 0.40702781844802344 0.54296875 0.465592972181552 0.5390625 0.47584187408491946 0.53515625 0.4978038067349927 0.53515625 0.5387994143484627 0.52734375 0.5651537335285505 0.52734375 0.5666178623718887 0.525390625 0.5797950219619327 0.525390625 0.5929721815519766 0.51953125 0.623718887262079 0.521484375 0.6339677891654466 0.517578125 0.7130307467057101 0.509765625 0.7291361639824304 0.505859375 0.7847730600292826 0.501953125 0.7862371888726208 0.5 0.8096632503660323 0.5 0.8155197657393851 0.49609375 0.8316251830161054 0.49609375 0.8609077598828697 0.490234375 0.9048316251830161 0.486328125
1 0.8521229868228404 0.6640625 0.8594436310395315 0.6640625 0.8682284040995608 0.654296875 0.8740849194729137 0.65234375 0.8945827232796486 0.650390625 0.8989751098096632 0.642578125 0.9033674963396779 0.642578125 0.9297218155197657 0.62890625 0.9370424597364568 0.62890625 0.9487554904831625 0.623046875 0.9663250366032211 0.619140625 0.9663250366032211 0.623046875 0.95900439238653 0.630859375 0.9341142020497804 0.646484375 0.9209370424597365 0.650390625 0.9048316251830161 0.662109375 0.8960468521229868 0.6640625 0.890190336749634 0.669921875 0.8711566617862372 0.67578125 0.8404099560761347 0.69140625 0.828696925329429 0.693359375 0.7979502196193266 0.708984375 0.7906295754026355 0.708984375 0.7789165446559297 0.716796875 0.7715959004392386 0.71875 0.7686676427525623 0.72265625 0.7628111273792094 0.72265625 0.7291361639824304 0.740234375 0.7218155197657394 0.740234375 0.705710102489019 0.75 0.6910688140556369 0.75390625 0.6808199121522694 0.76171875 0.6617862371888726 0.767578125 0.6266471449487555 0.78515625 0.6178623718887262 0.78515625 0.6002928257686676 0.796875 0.5915080527086384 0.798828125 0.5871156661786238 0.802734375 0.575402635431918 0.8046875 0.5622254758418741 0.814453125 0.5431918008784773 0.822265625 0.5373352855051244 0.822265625 0.5212298682284041 0.833984375 0.5109809663250366 0.833984375 0.49487554904831627 0.84375 0.4699853587115666 0.8515625 0.4568081991215227 0.857421875 0.45095168374816985 0.86328125 0.4407027818448023 0.865234375 0.4377745241581259 0.869140625 0.4333821376281113 0.869140625 0.4158125915080527 0.87890625 0.39824304538799415 0.8828125 0.37042459736456806 0.900390625 0.36603221083455345 0.900390625 0.34699853587115664 0.91015625 0.33528550512445093 0.912109375 0.30453879941434847 0.927734375 0.29428989751098095 0.927734375 0.29282576866764276 0.92578125 0.2869692532942899 0.927734375 0.28989751098096633 0.91796875 0.2869692532942899 0.896484375 0.28989751098096633 0.892578125 0.2972181551976574 0.88671875 0.34553440702781846 0.87109375 0.3513909224011713 0.86328125 0.363103953147877 0.857421875 0.36603221083455345 0.8515625 0.3689604685212299 0.853515625 0.3762811127379209 0.8515625 0.3806734992679356 0.85546875 0.37920937042459735 0.861328125 0.3821376281112738 0.865234375 0.38799414348462663 0.865234375 0.383601756954612 0.8671875 0.3821376281112738 0.87109375 0.38653001464128844 0.876953125 0.3938506588579795 0.876953125 0.3967789165446559 0.880859375 0.4011713030746706 0.87109375 0.40263543191800877 0.857421875 0.39824304538799415 0.85546875 0.3967789165446559 0.857421875 0.39824304538799415 0.865234375 0.3953147877013177 0.865234375 0.39092240117130306 0.857421875 0.38653001464128844 0.857421875 0.38653001464128844 0.8515625 0.3953147877013177 0.8515625 0.4055636896046852 0.84375 0.42313323572474376 0.83984375 0.45973645680819913 0.822265625 0.4787701317715959 0.818359375 0.5021961932650073 0.8046875 0.5095168374816984 0.8046875 0.513909224011713 0.80078125 0.5153733528550513 0.791015625 0.5197657393850659 0.787109375 0.527086383601757 0.7890625 0.5344070278184481 0.78515625 0.5387994143484627 0.779296875 0.5446559297218155 0.77734375 0.5505124450951684 0.779296875 0.5563689604685212 0.78515625 0.5636896046852123 0.783203125 0.5739385065885798 0.771484375 0.5739385065885798 0.767578125 0.5797950219619327 0.765625 0.5929721815519766 0.765625 0.5944363103953147 0.767578125 0.6076134699853587 0.759765625 0.6251830161054173 0.7578125 0.6427525622254758 0.74609375 0.6588579795021962 0.744140625 0.6603221083455344 0.740234375 0.664714494875549 0.73828125 0.6881405563689604 0.732421875 0.6969253294289898 0.7265625 0.7144948755490483 0.72265625 0.7247437774524158 0.716796875 0.7349926793557833 0.716796875 0.746705710102489 0.705078125 0.7584187408491947 0.705078125 0.767203513909224 0.69921875 0.7789165446559297 0.697265625 0.7862371888726208 0.693359375 0.7920937042459737 0.685546875 0.8023426061493412 0.6875 0.8052708638360175 0.68359375 0.8096632503660323 0.68359375 0.8140556368960469 0.677734375 0.821376281112738 0.677734375 0.828696925329429 0.671875 0.8345534407027818 0.671875 0.8418740849194729 0.66796875 0.8550512445095169 0.669921875 0.8565153733528551 0.66796875 0.8535871156661786 0.666015625
1 0.0424597364568082 0.115234375 0.048316251830161056 0.119140625 0.05710102489019034 0.119140625 0.060029282576866766 0.123046875 0.07174231332357248 0.12890625 0.10688140556368961 0.12890625 0.11859443631039532 0.1328125 0.12445095168374817 0.13671875 0.1273792093704246 0.140625 0.1273792093704246 0.14453125 0.11420204978038068 0.154296875 0.08931185944363104 0.150390625 0.08199121522693997 0.146484375 0.0849194729136164 0.140625 0.0849194729136164 0.134765625 0.08199121522693997 0.12890625 0.0746705710102489 0.12890625 0.07027818448023426 0.140625 0.06588579795021962 0.14453125 0.04685212298682284 0.142578125 0.03953147877013177 0.134765625 0.036603221083455345 0.126953125 0.036603221083455345 0.12109375 0.040995607613469986 0.1171875
1 0.20497803806734993 0.296875 0.22693997071742314 0.302734375 0.2562225475841874 0.302734375 0.25768667642752563 0.3046875 0.29282576866764276 0.306640625 0.2972181551976574 0.310546875 0.3089311859443631 0.310546875 0.3089311859443631 0.31640625 0.31332357247437775 0.3203125 0.31332357247437775 0.330078125 0.3074670571010249 0.326171875 0.3001464128843338 0.328125 0.2869692532942899 0.326171875 0.2840409956076135 0.328125 0.2796486090775988 0.32421875 0.2664714494875549 0.32421875 0.2518301610541728 0.3203125 0.20937042459736457 0.318359375 0.19912152269399708 0.31640625 0.19619326500732065 0.3125 0.191800878477306 0.3125 0.18887262079062958 0.31640625 0.18594436310395315 0.314453125 0.16691068814055637 0.31640625 0.15666178623718888 0.310546875 0.15519765739385066 0.302734375 0.15666178623718888 0.294921875 0.17130307467057102 0.29296875 0.18594436310395315 0.296875 0.20351390922401172 0.296875
1 0.1720351390922401 0.2314453125 0.021961932650073207 0.162109375
1 0.43191800878477304 0.0625 0.4407027818448023 0.0625 0.45534407027818447 0.0703125 0.47291361639824303 0.072265625 0.5095168374816984 0.087890625 0.5153733528550513 0.0859375 0.5329428989751098 0.09765625 0.5373352855051244 0.09765625 0.5344070278184481 0.107421875 0.5373352855051244 0.11328125 0.5373352855051244 0.119140625 0.5344070278184481 0.123046875 0.5344070278184481 0.126953125 0.5387994143484627 0.130859375 0.5490483162518301 0.123046875 0.5475841874084919 0.1171875 0.5402635431918009 0.115234375 0.5446559297218155 0.111328125 0.5446559297218155 0.10546875 0.5402635431918009 0.1015625 0.5475841874084919 0.1015625 0.5563689604685212 0.10546875 0.5636896046852123 0.11328125 0.5651537335285505 0.125 0.568081991215227 0.12890625 0.575402635431918 0.12890625 0.5783308931185944 0.123046875 0.575402635431918 0.119140625 0.5695461200585652 0.119140625 0.5710102489019033 0.11328125 0.5885797950219619 0.115234375 0.5929721815519766 0.119140625 0.6046852122986823 0.123046875 0.6090775988286969 0.12890625 0.6105417276720352 0.126953125 0.6207906295754027 0.12890625 0.6266471449487555 0.130859375 0.6295754026354319 0.134765625 0.6427525622254758 0.13671875 0.6500732064421669 0.142578125 0.6617862371888726 0.142578125 0.677891654465593 0.150390625 0.6866764275256223 0.150390625 0.6969253294289898 0.15625 0.7247437774524158 0.1640625 0.7510980966325037 0.177734375 0.7657393850658858 0.177734375 0.7730600292825769 0.181640625 0.7789165446559297 0.181640625 0.7833089311859444 0.185546875 0.7818448023426061 0.189453125 0.7730600292825769 0.197265625 0.7628111273792094 0.19921875 0.7613469985358712 0.1953125 0.7569546120058566 0.1953125 0.7540263543191801 0.19921875 0.7481698389458272 0.201171875 0.7437774524158126 0.197265625 0.7437774524158126 0.19140625 0.7379209370424598 0.1796875 0.7349926793557833 0.181640625 0.7335285505124451 0.1875 0.7320644216691069 0.185546875 0.7247437774524158 0.1875 0.7144948755490483 0.18359375 0.705710102489019 0.17578125 0.7042459736456809 0.177734375 0.6939970717423133 0.17578125 0.6866764275256223 0.177734375 0.6881405563689604 0.171875 0.6822840409956076 0.166015625 0.6793557833089312 0.16796875 0.6822840409956076 0.177734375 0.6793557833089312 0.1796875 0.6734992679355783 0.1796875 0.6691068814055637 0.17578125 0.664714494875549 0.17578125 0.6617862371888726 0.171875 0.6412884333821376 0.171875 0.6398243045387995 0.173828125 0.6295754026354319 0.169921875 0.6266471449487555 0.1640625 0.616398243045388 0.166015625 0.6061493411420205 0.16015625 0.6017569546120058 0.15234375 0.5944363103953147 0.15234375 0.5841874084919473 0.146484375 0.5768667642752562 0.146484375 0.568081991215227 0.142578125 0.5622254758418741 0.134765625 0.5636896046852123 0.1328125 0.5563689604685212 0.12109375 0.5519765739385066 0.12109375 0.5461200585651538 0.134765625 0.5344070278184481 0.12890625 0.527086383601757 0.12890625 0.5212298682284041 0.125 0.5095168374816984 0.123046875 0.5080527086383602 0.12109375 0.513909224011713 0.119140625 0.513909224011713 0.111328125 0.5095168374816984 0.099609375 0.5007320644216691 0.087890625 0.49633967789165445 0.09375 0.49487554904831627 0.109375 0.4904831625183016 0.103515625 0.486090775988287 0.10546875 0.4802342606149341 0.1015625 0.4787701317715959 0.103515625 0.4802342606149341 0.111328125 0.4773060029282577 0.11328125 0.4582723279648609 0.111328125 0.43484626647144947 0.09375 0.43484626647144947 0.078125 0.43045387994143486 0.0703125 0.43191800878477304 0.064453125