1 0.661 0.499 0.614 0.892
1 0.887 0.3205 0.04 0.051
1 0.8295 0.199 0.043 0.054
1 0.7135 0.3265 0.039 0.041
1 0.5455 0.4385 0.037 0.039
1 0.474 0.437 0.036 0.032
1 0.4085 0.248 0.073 0.074
1 0.782 0.324 0.04 0.04
1 0.096 0.521 0.192 0.85
1 0.4415 0.672 0.141 0.078
1 0.4925 0.7645 0.215 0.077
1 0.9475 0.7455 0.105 0.471
1 0.8035 0.9445 0.035 0.033
1 0.835 0.5425 0.034 0.029
1 0.66 0.248 0.534 0.094
1 0.039 0.588 0.068 0.038
1 0.0775 0.126 0.147 0.094
1 0.8095 0.7635 0.123 0.075
1 0.644 0.7635 0.122 0.073
1 0.635 0.868 0.45 0.108
1 0.669 0.542 0.034 0.028
1 0.668 0.9465 0.032 0.031
1 0.744 0.545 0.034 0.038
1 0.89 0.116 0.158 0.11
1 0.759 0.67 0.28 0.082
1 0.382 0.475 0.026 0.074
1 0.104 0.7685 0.198 0.073
1 0.089 0.47 0.172 0.09
1 0.0805 0.2515 0.157 0.073
1 0.1055 0.5755 0.081 0.071
1 0.9415 0.88 0.033 0.018
1 0.6065 0.37 0.475 0.08
1 0.6345 0.473 0.501 0.08
1 0.078 0.2005 0.044 0.031
1 0.6275 0.577 0.507 0.08
1 0.1645 0.5975 0.049 0.041
1 0.1 0.6725 0.19 0.087
1 0.161 0.5535 0.048 0.041