1 0.005 0.62 0.014 0.631 0.029 0.636 0.037 0.667 0.037 0.68 0.04 0.684 0.133 0.688 0.135 0.693 0.134 0.716 0.13 0.724 0.124 0.728 0.05 0.727 0.043 0.729 0.02 0.728 0 0.73 0 0.621 0.004 0.621
1 0.057 0.472 0.061 0.476 0.061 0.494 0.072 0.516 0.085 0.524 0.1 0.524 0.109 0.528 0.114 0.524 0.173 0.525 0.192 0.523 0.204 0.525 0.255 0.525 0.276 0.523 0.295 0.525 0.342 0.523 0.362 0.527 0.372 0.523 0.43 0.522 0.478 0.525 0.494 0.524 0.498 0.53 0.505 0.532 0.507 0.53 0.507 0.522 0.661 0.522 0.665 0.52 0.691 0.522 0.807 0.522 0.826 0.518 0.845 0.521 0.873 0.519 0.883 0.522 0.904 0.519 0.97 0.52 0.995 0.517 0.999 0.519 0.999 0.538 0.977 0.557 0.964 0.555 0.946 0.557 0.926 0.557 0.921 0.555 0.905 0.557 0.859 0.556 0.855 0.553 0.854 0.545 0.849 0.538 0.841 0.54 0.831 0.538 0.83 0.543 0.834 0.547 0.833 0.55 0.823 0.557 0.779 0.557 0.774 0.553 0.775 0.544 0.772 0.535 0.749 0.535 0.746 0.538 0.746 0.549 0.738 0.557 0.696 0.557 0.692 0.537 0.689 0.534 0.676 0.533 0.668 0.534 0.665 0.537 0.664 0.548 0.661 0.553 0.658 0.552 0.652 0.556 0.645 0.557 0.62 0.557 0.613 0.554 0.613 0.542 0.609 0.535 0.595 0.534 0.585 0.539 0.584 0.551 0.58 0.556 0.538 0.557 0.536 0.555 0.537 0.543 0.529 0.534 0.507 0.533 0.505 0.535 0.504 0.554 0.502 0.557 0.459 0.557 0.456 0.554 0.459 0.543 0.453 0.536 0.449 0.534 0.431 0.533 0.426 0.537 0.426 0.555 0.423 0.558 0.38 0.557 0.376 0.559 0.375 0.539 0.369 0.534 0.359 0.532 0.347 0.538 0.346 0.553 0.343 0.557 0.302 0.558 0.298 0.556 0.297 0.543 0.293 0.536 0.276 0.535 0.272 0.536 0.269 0.54 0.269 0.554 0.267 0.557 0.216 0.557 0.21 0.546 0.206 0.544 0.206 0.55 0.202 0.557 0.198 0.559 0.148 0.561 0.142 0.557 0.142 0.546 0.136 0.537 0.111 0.537 0.109 0.55 0.11 0.568 0.106 0.575 0.014 0.577 0 0.576 0 0.534 0.004 0.531 0.004 0.524 0 0.518 0 0.49 0.003 0.488 0.002 0.474 0.004 0.472 0.015 0.473 0.035 0.47 0.052 0.47 0.056 0.472
1 0.734 0.347 0.757 0.349 0.757 0.383 0.751 0.387 0.716 0.387 0.711 0.389 0.705 0.388 0.7 0.372 0.701 0.366 0.696 0.363 0.676 0.365 0.674 0.369 0.674 0.383 0.668 0.388 0.623 0.387 0.619 0.365 0.613 0.363 0.598 0.363 0.593 0.366 0.592 0.386 0.583 0.389 0.54 0.389 0.533 0.381 0.532 0.375 0.534 0.369 0.53 0.365 0.526 0.365 0.521 0.369 0.511 0.369 0.511 0.38 0.508 0.389 0.462 0.39 0.456 0.387 0.454 0.367 0.442 0.364 0.428 0.369 0.428 0.384 0.424 0.391 0.408 0.389 0.381 0.39 0.378 0.384 0.377 0.37 0.369 0.367 0.355 0.368 0.351 0.372 0.349 0.387 0.346 0.389 0.331 0.388 0.329 0.39 0.293 0.392 0.289 0.371 0.283 0.372 0.279 0.369 0.269 0.368 0.267 0.37 0.268 0.376 0.258 0.39 0.219 0.391 0.204 0.39 0.195 0.368 0.192 0.37 0.176 0.368 0.173 0.373 0.173 0.383 0.168 0.391 0.14 0.392 0.133 0.39 0.132 0.372 0.126 0.366 0.12 0.369 0.109 0.369 0.106 0.376 0.106 0.383 0.102 0.39 0.092 0.391 0.088 0.387 0.087 0.382 0.086 0.353 0.095 0.351 0.254 0.353 0.265 0.351 0.342 0.352 0.352 0.35 0.415 0.351 0.428 0.349 0.485 0.351 0.51 0.349 0.586 0.35 0.592 0.348 0.733 0.348
1 0.971 0.147 0.994 0.151 0.996 0.168 0.999 0.172 0.999 0.186 0.995 0.189 0.968 0.185 0.963 0.186 0.957 0.191 0.904 0.192 0.897 0.187 0.882 0.184 0.862 0.193 0.817 0.193 0.804 0.184 0.797 0.187 0.79 0.185 0.777 0.19 0.774 0.188 0.773 0.183 0.773 0.164 0.776 0.15 0.834 0.151 0.863 0.148 0.899 0.15 0.97 0.147
1 0.508 0.52 0.524 0.522 0.647 0.522 0.659 0.52 0.721 0.522 0.739 0.52 0.743 0.522 0.742 0.539 0.744 0.55 0.738 0.558 0.694 0.557 0.691 0.537 0.689 0.535 0.676 0.534 0.666 0.537 0.666 0.55 0.661 0.557 0.613 0.557 0.611 0.553 0.611 0.539 0.607 0.536 0.594 0.536 0.587 0.539 0.586 0.551 0.582 0.558 0.538 0.558 0.533 0.556 0.533 0.543 0.529 0.536 0.508 0.535 0.506 0.537 0.504 0.557 0.469 0.559 0.455 0.557 0.453 0.539 0.442 0.535 0.428 0.538 0.429 0.553 0.424 0.559 0.385 0.558 0.379 0.559 0.376 0.565 0.373 0.553 0.373 0.539 0.365 0.535 0.358 0.535 0.348 0.542 0.348 0.55 0.35 0.553 0.342 0.559 0.298 0.559 0.294 0.554 0.294 0.54 0.291 0.537 0.277 0.535 0.271 0.539 0.271 0.553 0.265 0.559 0.218 0.559 0.213 0.557 0.213 0.553 0.209 0.549 0.203 0.553 0.202 0.558 0.196 0.56 0.144 0.562 0.141 0.557 0.138 0.539 0.112 0.538 0.112 0.525 0.116 0.523 0.129 0.525 0.179 0.523 0.247 0.525 0.259 0.523 0.293 0.524 0.415 0.521 0.482 0.523 0.507 0.521
1 0.151 0.768 0.154 0.774 0.153 0.809 0.158 0.847 0.161 0.85 0.204 0.852 0.231 0.849 0.232 0.856 0.227 0.862 0.228 0.887 0.225 0.89 0.209 0.89 0.206 0.859 0.203 0.856 0.195 0.855 0.176 0.858 0.157 0.857 0.154 0.864 0.153 0.887 0.148 0.892 0.004 0.892 0.001 0.894 0 0.857 0.037 0.857 0.046 0.851 0.094 0.847 0.1 0.84 0.105 0.821 0.104 0.809 0.098 0.791 0.099 0.774 0.109 0.772 0.116 0.767 0.134 0.766 0.138 0.768 0.15 0.768
1 0.082 0.374 0.085 0.379 0.087 0.396 0.085 0.408 0.077 0.411 0.008 0.412 0 0.412 0 0.376 0.081 0.374
1 0.511 0.69 0.549 0.692 0.727 0.69 0.731 0.693 0.731 0.717 0.726 0.726 0.684 0.727 0.676 0.725 0.668 0.719 0.654 0.719 0.647 0.727 0.614 0.726 0.611 0.724 0.608 0.71 0.599 0.704 0.595 0.704 0.592 0.707 0.585 0.706 0.581 0.71 0.579 0.724 0.571 0.727 0.536 0.725 0.527 0.709 0.511 0.707 0.507 0.709 0.507 0.718 0.502 0.726 0.466 0.727 0.46 0.729 0.453 0.709 0.443 0.711 0.43 0.726 0.415 0.727 0.387 0.726 0.383 0.724 0.381 0.71 0.379 0.708 0.375 0.708 0.363 0.715 0.359 0.712 0.356 0.723 0.35 0.727 0.317 0.727 0.31 0.725 0.307 0.721 0.287 0.723 0.281 0.727 0.272 0.728 0.239 0.727 0.229 0.723 0.225 0.719 0.219 0.719 0.217 0.723 0.21 0.724 0.207 0.727 0.172 0.727 0.167 0.724 0.152 0.723 0.147 0.72 0.136 0.72 0.134 0.711 0.135 0.694 0.19 0.694 0.199 0.696 0.23 0.694 0.241 0.696 0.249 0.694 0.272 0.695 0.285 0.692 0.307 0.695 0.317 0.693 0.348 0.694 0.354 0.692 0.494 0.692 0.51 0.69
1 0.727 0.689 0.731 0.691 0.798 0.691 0.818 0.689 0.83 0.691 0.995 0.692 0.999 0.696 0.999 0.724 0.997 0.725 0.977 0.72 0.967 0.721 0.96 0.727 0.924 0.725 0.911 0.714 0.909 0.716 0.904 0.715 0.89 0.726 0.765 0.725 0.751 0.715 0.745 0.715 0.744 0.72 0.731 0.722 0.722 0.727 0.679 0.727 0.668 0.719 0.654 0.72 0.645 0.728 0.612 0.725 0.609 0.71 0.599 0.703 0.583 0.705 0.58 0.708 0.578 0.725 0.57 0.727 0.537 0.724 0.53 0.708 0.522 0.705 0.508 0.706 0.504 0.723 0.498 0.726 0.46 0.727 0.457 0.709 0.453 0.705 0.45 0.705 0.439 0.709 0.435 0.708 0.434 0.721 0.428 0.726 0.385 0.724 0.383 0.709 0.38 0.706 0.375 0.706 0.371 0.708 0.359 0.708 0.355 0.713 0.356 0.72 0.352 0.726 0.317 0.726 0.311 0.724 0.307 0.719 0.295 0.719 0.279 0.727 0.24 0.727 0.232 0.723 0.228 0.718 0.22 0.718 0.216 0.723 0.206 0.728 0.173 0.727 0.16 0.723 0.158 0.72 0.154 0.723 0.149 0.72 0.137 0.72 0.134 0.711 0.134 0.696 0.136 0.694 0.209 0.694 0.231 0.695 0.234 0.697 0.282 0.693 0.308 0.696 0.325 0.693 0.345 0.695 0.363 0.693 0.378 0.695 0.394 0.692 0.404 0.694 0.453 0.692 0.456 0.695 0.46 0.693 0.497 0.691 0.597 0.692 0.66 0.689 0.726 0.689
1 0.697 0.15 0.714 0.154 0.724 0.154 0.727 0.151 0.771 0.152 0.773 0.158 0.773 0.182 0.772 0.188 0.767 0.192 0.697 0.19 0.693 0.192 0.64 0.195 0.633 0.193 0.613 0.193 0.568 0.196 0.246 0.197 0.235 0.199 0.182 0.199 0.168 0.186 0.164 0.185 0.161 0.189 0.154 0.187 0.148 0.196 0.141 0.2 0.062 0.199 0.059 0.196 0.058 0.189 0.058 0.165 0.059 0.161 0.065 0.158 0.144 0.158 0.156 0.155 0.171 0.157 0.222 0.157 0.247 0.154 0.266 0.156 0.324 0.155 0.334 0.153 0.404 0.156 0.418 0.152 0.439 0.154 0.523 0.152 0.548 0.155 0.56 0.152 0.611 0.151 0.62 0.153 0.661 0.153 0.696 0.15
1 0.973 0.148 0.993 0.151 0.997 0.182 0.999 0.183 0.994 0.189 0.979 0.185 0.973 0.179 0.955 0.191 0.904 0.191 0.897 0.185 0.894 0.185 0.898 0.18 0.897 0.177 0.894 0.179 0.89 0.175 0.88 0.175 0.876 0.18 0.876 0.185 0.871 0.189 0.846 0.193 0.817 0.192 0.81 0.188 0.808 0.179 0.803 0.176 0.8 0.178 0.8 0.183 0.789 0.182 0.781 0.189 0.769 0.192 0.702 0.191 0.696 0.193 0.651 0.195 0.616 0.193 0.566 0.196 0.504 0.195 0.494 0.197 0.358 0.196 0.182 0.199 0.164 0.184 0.161 0.188 0.153 0.187 0.148 0.196 0.141 0.2 0.062 0.199 0.059 0.196 0.058 0.189 0.058 0.164 0.06 0.16 0.07 0.157 0.144 0.158 0.154 0.155 0.171 0.157 0.221 0.157 0.245 0.154 0.262 0.156 0.318 0.156 0.326 0.154 0.387 0.154 0.405 0.156 0.415 0.153 0.496 0.154 0.522 0.152 0.55 0.154 0.557 0.152 0.586 0.153 0.597 0.151 0.646 0.153 0.676 0.152 0.692 0.149 0.71 0.152 0.726 0.15 0.751 0.152 0.767 0.15 0.832 0.152 0.865 0.148 0.884 0.15 0.947 0.15 0.972 0.148
1 0.015 0.467 0.06 0.47 0.064 0.474 0.065 0.499 0.072 0.515 0.085 0.523 0.105 0.523 0.108 0.526 0.11 0.57 0.106 0.576 0.095 0.577 0 0.577 0 0.531 0.002 0.53 0.002 0.525 0 0.524 0 0.471 0.004 0.468 0.014 0.467
1 0.995 0.519 0.999 0.524 0.999 0.535 0.988 0.538 0.982 0.551 0.974 0.556 0.966 0.554 0.935 0.556 0.916 0.553 0.902 0.556 0.86 0.555 0.855 0.55 0.854 0.543 0.849 0.536 0.833 0.536 0.83 0.538 0.831 0.55 0.821 0.557 0.804 0.552 0.794 0.555 0.778 0.554 0.776 0.553 0.777 0.545 0.774 0.535 0.766 0.532 0.749 0.534 0.744 0.539 0.741 0.535 0.734 0.535 0.736 0.54 0.744 0.546 0.741 0.551 0.74 0.545 0.737 0.543 0.734 0.548 0.736 0.553 0.734 0.555 0.719 0.554 0.72 0.551 0.731 0.551 0.731 0.547 0.723 0.541 0.717 0.541 0.709 0.534 0.704 0.539 0.703 0.544 0.709 0.546 0.714 0.553 0.699 0.556 0.696 0.551 0.703 0.546 0.697 0.541 0.693 0.533 0.679 0.529 0.674 0.53 0.672 0.527 0.665 0.531 0.661 0.538 0.654 0.535 0.639 0.544 0.634 0.543 0.634 0.54 0.627 0.533 0.62 0.531 0.594 0.531 0.586 0.535 0.584 0.543 0.582 0.534 0.574 0.53 0.571 0.533 0.572 0.538 0.574 0.54 0.578 0.539 0.576 0.543 0.578 0.547 0.574 0.544 0.569 0.547 0.568 0.551 0.57 0.553 0.557 0.556 0.545 0.556 0.543 0.554 0.54 0.556 0.538 0.55 0.539 0.537 0.541 0.536 0.536 0.535 0.53 0.528 0.526 0.528 0.522 0.532 0.518 0.531 0.516 0.527 0.511 0.526 0.512 0.524 0.532 0.526 0.544 0.524 0.564 0.525 0.568 0.528 0.573 0.525 0.586 0.523 0.651 0.526 0.657 0.524 0.663 0.525 0.665 0.522 0.67 0.522 0.673 0.525 0.678 0.522 0.688 0.522 0.696 0.525 0.732 0.524 0.738 0.526 0.747 0.522 0.808 0.523 0.827 0.519 0.844 0.522 0.876 0.521 0.88 0.523 0.907 0.52 0.985 0.521 0.994 0.519
1 0.911 0.154 0.923 0.158 0.925 0.163 0.927 0.157 0.932 0.162 0.953 0.163 0.957 0.168 0.954 0.174 0.955 0.181 0.96 0.178 0.959 0.186 0.956 0.189 0.904 0.188 0.901 0.182 0.904 0.176 0.904 0.169 0.904 0.175 0.908 0.181 0.916 0.178 0.916 0.174 0.91 0.171 0.906 0.16 0.907 0.155 0.91 0.155
1 0.818 0.688 0.824 0.69 0.854 0.691 0.995 0.691 0.999 0.693 0.999 0.724 0.993 0.725 0.97 0.721 0.961 0.727 0.925 0.726 0.912 0.719 0.904 0.718 0.891 0.726 0.868 0.727 0.765 0.725 0.755 0.72 0.736 0.723 0.732 0.72 0.731 0.71 0.732 0.693 0.734 0.691 0.789 0.691 0.817 0.688
1 0.008 0.629 0.015 0.633 0.026 0.635 0.029 0.638 0.035 0.667 0.035 0.678 0.04 0.685 0.131 0.688 0.136 0.692 0.153 0.694 0.199 0.694 0.205 0.692 0.238 0.695 0.284 0.692 0.298 0.694 0.498 0.691 0.6 0.692 0.662 0.689 0.75 0.692 0.803 0.69 0.995 0.692 0.999 0.695 0.999 0.723 0.992 0.724 0.984 0.721 0.97 0.72 0.959 0.726 0.924 0.725 0.911 0.715 0.909 0.717 0.904 0.715 0.891 0.725 0.768 0.725 0.762 0.721 0.748 0.718 0.746 0.72 0.732 0.721 0.725 0.726 0.695 0.725 0.679 0.727 0.67 0.721 0.653 0.721 0.646 0.727 0.616 0.726 0.61 0.721 0.609 0.71 0.605 0.706 0.595 0.703 0.591 0.706 0.583 0.706 0.58 0.711 0.578 0.724 0.571 0.726 0.535 0.724 0.532 0.711 0.528 0.707 0.509 0.705 0.506 0.709 0.506 0.719 0.501 0.725 0.46 0.727 0.456 0.717 0.456 0.71 0.452 0.705 0.44 0.709 0.436 0.713 0.433 0.722 0.427 0.726 0.386 0.725 0.382 0.721 0.382 0.709 0.375 0.706 0.359 0.708 0.356 0.713 0.355 0.723 0.348 0.727 0.315 0.726 0.303 0.721 0.287 0.723 0.281 0.727 0.272 0.728 0.247 0.728 0.222 0.723 0.21 0.725 0.206 0.729 0.167 0.727 0.161 0.724 0.143 0.723 0.134 0.72 0.123 0.727 0.051 0.726 0.045 0.728 0 0.729 0 0.669 0.003 0.667 0.003 0.663 0 0.661 0 0.631 0.007 0.629
1 0.133 0.766 0.151 0.768 0.153 0.772 0.153 0.81 0.159 0.849 0.205 0.852 0.23 0.849 0.231 0.858 0.228 0.861 0.229 0.887 0.226 0.89 0.21 0.891 0.208 0.889 0.206 0.86 0.202 0.856 0.194 0.856 0.183 0.858 0.158 0.857 0.155 0.862 0.154 0.885 0.152 0.89 0.146 0.893 0.095 0.891 0.001 0.894 0 0.858 0.038 0.857 0.048 0.851 0.09 0.848 0.095 0.846 0.1 0.84 0.105 0.821 0.104 0.809 0.099 0.792 0.099 0.775 0.116 0.767 0.132 0.766
1 0.865 0.344 0.918 0.346 0.942 0.343 0.958 0.346 0.99 0.345 0.999 0.347 0.999 0.384 0.967 0.387 0.961 0.375 0.954 0.369 0.949 0.37 0.945 0.365 0.938 0.371 0.938 0.376 0.932 0.386 0.918 0.388 0.913 0.386 0.886 0.386 0.876 0.384 0.869 0.377 0.865 0.376 0.868 0.373 0.866 0.371 0.862 0.372 0.86 0.376 0.852 0.378 0.846 0.385 0.837 0.387 0.821 0.385 0.793 0.386 0.789 0.383 0.784 0.372 0.777 0.369 0.77 0.373 0.772 0.375 0.771 0.38 0.763 0.384 0.758 0.384 0.758 0.349 0.761 0.347 0.839 0.347 0.864 0.344
1 0.999 0.345 0.999 0.384 0.98 0.384 0.974 0.386 0.966 0.384 0.96 0.373 0.961 0.366 0.959 0.364 0.95 0.367 0.945 0.364 0.938 0.367 0.937 0.376 0.932 0.385 0.929 0.386 0.878 0.384 0.87 0.376 0.869 0.366 0.862 0.368 0.856 0.373 0.856 0.376 0.852 0.377 0.846 0.385 0.842 0.386 0.797 0.384 0.793 0.386 0.789 0.382 0.785 0.37 0.776 0.368 0.77 0.373 0.772 0.377 0.769 0.38 0.756 0.387 0.722 0.387 0.707 0.39 0.702 0.383 0.7 0.365 0.691 0.364 0.687 0.366 0.676 0.366 0.676 0.38 0.671 0.388 0.625 0.388 0.622 0.385 0.619 0.365 0.595 0.364 0.593 0.367 0.593 0.384 0.59 0.388 0.585 0.389 0.54 0.389 0.534 0.383 0.533 0.366 0.525 0.365 0.522 0.368 0.513 0.368 0.511 0.37 0.51 0.386 0.507 0.389 0.464 0.39 0.456 0.387 0.455 0.369 0.451 0.365 0.441 0.364 0.428 0.369 0.428 0.383 0.425 0.39 0.382 0.39 0.379 0.387 0.377 0.37 0.369 0.366 0.354 0.368 0.35 0.374 0.349 0.387 0.346 0.389 0.331 0.387 0.329 0.39 0.295 0.39 0.293 0.392 0.289 0.373 0.273 0.369 0.268 0.37 0.267 0.38 0.259 0.39 0.203 0.39 0.197 0.377 0.189 0.372 0.185 0.373 0.178 0.369 0.174 0.372 0.174 0.383 0.168 0.391 0.139 0.392 0.133 0.39 0.132 0.372 0.126 0.366 0.119 0.37 0.109 0.369 0.106 0.376 0.106 0.383 0.102 0.39 0.091 0.391 0.087 0.386 0.088 0.371 0.085 0.354 0.086 0.352 0.092 0.351 0.128 0.352 0.144 0.35 0.202 0.353 0.254 0.353 0.265 0.351 0.344 0.352 0.355 0.35 0.5 0.351 0.511 0.349 0.585 0.351 0.592 0.348 0.606 0.347 0.633 0.349 0.7 0.347 0.714 0.349 0.729 0.347 0.839 0.347 0.858 0.344 0.911 0.346 0.93 0.344 0.957 0.346 0.998 0.345
1 0.999 0.517 0.999 0.546 0.985 0.551 0.98 0.558 0.961 0.556 0.934 0.558 0.859 0.558 0.849 0.553 0.83 0.554 0.825 0.558 0.779 0.558 0.771 0.553 0.768 0.548 0.768 0.542 0.765 0.539 0.756 0.539 0.75 0.549 0.747 0.549 0.744 0.539 0.745 0.522 0.748 0.52 0.807 0.521 0.823 0.517 0.836 0.517 0.847 0.52 0.872 0.518 0.883 0.52 0.907 0.517 0.948 0.519 0.985 0.519 0.994 0.516 0.998 0.517