1 0.493 0.507 0.978 0.964
1 0.8005 0.4955 0.387 0.111
1 0.863 0.357 0.268 0.11
1 0.8595 0.63 0.277 0.098
1 0.839 0.2015 0.312 0.113
1 0.49 0.123 0.98 0.058
1 0.501 0.7085 0.982 0.061
1 0.6635 0.3045 0.029 0.065
1 0.809 0.2985 0.034 0.053
1 0.491 0.047 0.982 0.09
1 0.8925 0.4615 0.051 0.063
1 0.279 0.358 0.536 0.124
1 0.366 0.6275 0.434 0.103
1 0.178 0.3055 0.032 0.067
1 0.909 0.3065 0.034 0.065
1 0.206 0.141 0.03 0.064
1 0.1445 0.1945 0.273 0.119
1 0.1145 0.305 0.033 0.064
1 0.0765 0.3045 0.035 0.061
1 0.2775 0.499 0.535 0.112
1 0.1455 0.7645 0.277 0.103
1 0.6215 0.142 0.027 0.066
1 0.504 0.9565 0.984 0.055