1 0.4955 0.5785 0.979 0.807
1 0.3975 0.1985 0.107 0.099
1 0.4975 0.2845 0.983 0.055
1 0.1245 0.6565 0.231 0.103
1 0.0305 0.259 0.041 0.026
1 0.511 0.5215 0.084 0.095
1 0.799 0.804 0.402 0.106
1 0.17 0.3655 0.302 0.097
1 0.7785 0.6595 0.427 0.123
1 0.526 0.804 0.066 0.092
1 0.8005 0.944 0.131 0.104
1 0.198 0.76 0.032 0.064
1 0.8195 0.5175 0.357 0.117
1 0.5645 0.3615 0.187 0.115
1 0.69 0.947 0.106 0.1
1 0.193 0.3 0.034 0.06
1 0.403 0.4695 0.032 0.063
1 0.957 0.772 0.034 0.066
1 0.272 0.9325 0.526 0.113
1 0.269 0.7945 0.524 0.103
1 0.1045 0.4625 0.033 0.063
1 0.0265 0.4595 0.039 0.059
1 0.265 0.3025 0.032 0.069
1 0.3305 0.4655 0.033 0.065
1 0.7495 0.302 0.029 0.062
1 0.682 0.4675 0.03 0.065
1 0.8845 0.304 0.035 0.066
1 0.295 0.465 0.036 0.062
1 0.4325 0.7635 0.027 0.067