4 0.04111289705319556 0.1815188775510204 0.05296326061997704 0.30692295918367346 0.0873046306926904 0.3049872448979592 0.07617986988136241 0.18368877551020407
4 0.21705204745503254 0.17748877551020406 0.22418637581324147 0.30627755102040816 0.26191350937619595 0.3075678571428571 0.2517562189054727 0.1765918367346939
4 0.3621565250669728 0.1766826530612245 0.3697745885954841 0.30885816326530613 0.4036322234978951 0.3075678571428571 0.39927937236892463 0.1765918367346939
4 0.5066567164179104 0.1742642857142857 0.5085912743972446 0.30627755102040816 0.5448675851511673 0.2946637755102041 0.5400306161500191 0.17078469387755102
4 0.332531190202832 0.38222091836734695 0.3431722158438576 0.5023255102040817 0.3746115575966322 0.4990994897959184 0.3683237657864523 0.3829627551020408
4 0.4223153463451971 0.43823979591836737 0.03809031764255645 0.12171428571428572
4 0.5253386911595866 0.4348571428571429 0.036153846153846154 0.11816326530612245
4 0.3269690011481056 0.7869693877551021 0.04691542288557214 0.16466836734693877
4 0.4706238040566399 0.786408163265306 0.03917719096823575 0.16837755102040816
4 0.1087676999617298 0.7818112244897959 0.04220053578262533 0.16079591836734694
4 0.05380788365862992 0.06312244897959184 0.044741676234213545 0.10979591836734694