1 0.60546875 0.21574344023323616 0.619140625 0.21865889212827988 0.654296875 0.21865889212827988 0.65625 0.22011661807580174 0.689453125 0.22011661807580174 0.69140625 0.22157434402332363 0.771484375 0.22011661807580174 0.7734375 0.22157434402332363 0.802734375 0.22157434402332363 0.8046875 0.2230320699708455 0.82421875 0.22157434402332363 0.83203125 0.22448979591836735 0.849609375 0.22448979591836735 0.8515625 0.2230320699708455 0.8828125 0.22448979591836735 0.88671875 0.2230320699708455 0.888671875 0.22448979591836735 0.92578125 0.2259475218658892 0.93359375 0.22740524781341107 0.935546875 0.2303206997084548 0.931640625 0.239067055393586 0.927734375 0.24489795918367346 0.923828125 0.24489795918367346 0.916015625 0.25072886297376096 0.91015625 0.2521865889212828 0.8984375 0.24927113702623907 0.87109375 0.24927113702623907 0.869140625 0.2478134110787172 0.841796875 0.24927113702623907 0.822265625 0.24489795918367346 0.802734375 0.24489795918367346 0.798828125 0.2478134110787172 0.796875 0.24635568513119532 0.787109375 0.24927113702623907 0.779296875 0.24635568513119532 0.7734375 0.2478134110787172 0.765625 0.24198250728862974 0.74609375 0.24198250728862974 0.744140625 0.24052478134110788 0.73828125 0.2434402332361516 0.732421875 0.2434402332361516 0.724609375 0.239067055393586 0.7109375 0.239067055393586 0.703125 0.23615160349854228 0.6640625 0.23469387755102042 0.662109375 0.23323615160349853 0.64453125 0.23469387755102042 0.6328125 0.23177842565597667 0.630859375 0.23323615160349853 0.59765625 0.23177842565597667 0.587890625 0.22448979591836735 0.587890625 0.22011661807580174 0.59765625 0.21574344023323616 0.603515625 0.21574344023323616
1 0.771484375 0.05830903790087463 0.7734375 0.061224489795918366 0.771484375 0.0728862973760933 0.7578125 0.08454810495626822 0.7578125 0.08746355685131195 0.75390625 0.08309037900874636 0.751953125 0.08600583090379009 0.740234375 0.08600583090379009 0.73046875 0.09766763848396501 0.73046875 0.10349854227405247 0.724609375 0.10641399416909621 0.72265625 0.11078717201166181 0.712890625 0.10932944606413994 0.708984375 0.10495626822157435 0.705078125 0.10787172011661808 0.701171875 0.1239067055393586 0.703125 0.12973760932944606 0.69921875 0.1282798833819242 0.693359375 0.1326530612244898 0.689453125 0.1326530612244898 0.689453125 0.12973760932944606 0.685546875 0.1282798833819242 0.681640625 0.1326530612244898 0.673828125 0.1326530612244898 0.677734375 0.12536443148688048 0.671875 0.1239067055393586 0.66796875 0.12682215743440234 0.66796875 0.13119533527696792 0.662109375 0.13119533527696792 0.654296875 0.13702623906705538 0.64453125 0.13848396501457727 0.630859375 0.13702623906705538 0.625 0.13848396501457727 0.619140625 0.14431486880466474 0.615234375 0.14431486880466474 0.611328125 0.14723032069970846 0.6015625 0.14723032069970846 0.59765625 0.15014577259475217 0.58984375 0.15014577259475217 0.57421875 0.15597667638483964 0.5703125 0.15597667638483964 0.5625 0.15014577259475217 0.56640625 0.14723032069970846 0.576171875 0.14723032069970846 0.580078125 0.14285714285714285 0.587890625 0.13994169096209913 0.58984375 0.141399416909621 0.611328125 0.12682215743440234 0.623046875 0.12973760932944606 0.6328125 0.12682215743440234 0.63671875 0.12244897959183673 0.650390625 0.12099125364431487 0.654296875 0.1239067055393586 0.66015625 0.119533527696793 0.662109375 0.1239067055393586 0.658203125 0.12682215743440234 0.66015625 0.1282798833819242 0.666015625 0.12682215743440234 0.66796875 0.12099125364431487 0.671875 0.119533527696793 0.666015625 0.11661807580174927 0.666015625 0.11370262390670553 0.681640625 0.09766763848396501 0.693359375 0.09766763848396501 0.697265625 0.09475218658892129 0.7109375 0.09329446064139942 0.720703125 0.08163265306122448 0.73046875 0.08163265306122448 0.734375 0.07871720116618076 0.73828125 0.08017492711370262 0.7421875 0.07725947521865889 0.7421875 0.0728862973760933 0.75 0.06997084548104957 0.74609375 0.06705539358600583 0.75390625 0.06705539358600583 0.76171875 0.061224489795918366 0.765625 0.0641399416909621 0.76953125 0.0597667638483965
1 0.5625 0.32653061224489793 0.564453125 0.32798833819241985 0.5625 0.3338192419825073 0.568359375 0.34110787172011664 0.5703125 0.3425655976676385 0.57421875 0.33819241982507287 0.578125 0.33819241982507287 0.580078125 0.34110787172011664 0.576171875 0.3673469387755102 0.5703125 0.37755102040816324 0.5703125 0.3848396501457726 0.578125 0.39067055393586003 0.576171875 0.39212827988338195 0.572265625 0.3892128279883382 0.5703125 0.37900874635568516 0.564453125 0.3746355685131195 0.564453125 0.37026239067055394 0.55859375 0.36151603498542273 0.546875 0.3556851311953353 0.548828125 0.33819241982507287 0.556640625 0.3338192419825073 0.5546875 0.33090379008746357 0.560546875 0.32798833819241985
1 0.818359375 0.6836734693877551 0.82421875 0.6865889212827988 0.84375 0.7084548104956269 0.853515625 0.7055393586005831 0.859375 0.7011661807580175 0.86328125 0.7011661807580175 0.869140625 0.7026239067055393 0.87890625 0.7099125364431487 0.8828125 0.717201166180758 0.890625 0.7244897959183674 0.912109375 0.739067055393586 0.9140625 0.7448979591836735 0.923828125 0.7521865889212828 0.927734375 0.760932944606414 0.9375 0.7653061224489796 0.939453125 0.7740524781341108 0.9453125 0.7784256559766763 0.9453125 0.782798833819242 0.96875 0.8002915451895044 0.98046875 0.8032069970845481 0.98046875 0.814868804664723 0.994140625 0.8236151603498543 0.99609375 0.8323615160349854 0.994140625 0.8396501457725948 0.99609375 0.8556851311953353 0.990234375 0.8571428571428571 0.98828125 0.8615160349854227 0.98046875 0.8571428571428571 0.970703125 0.8556851311953353 0.962890625 0.8483965014577259 0.962890625 0.8440233236151603 0.958984375 0.8411078717201166 0.955078125 0.8411078717201166 0.947265625 0.8352769679300291 0.9453125 0.8309037900874635 0.931640625 0.8425655976676385 0.935546875 0.8527696793002916 0.931640625 0.8483965014577259 0.92578125 0.8513119533527697 0.927734375 0.858600583090379 0.93359375 0.8629737609329446 0.9375 0.8629737609329446 0.943359375 0.8760932944606414 0.947265625 0.8790087463556852 0.947265625 0.8833819241982507 0.958984375 0.89067055393586 0.966796875 0.8892128279883382 0.966796875 0.8935860058309038 0.97265625 0.902332361516035 0.9765625 0.902332361516035 0.98046875 0.8994169096209913 0.982421875 0.9008746355685131 0.982421875 0.9037900874635568 0.974609375 0.9081632653061225 0.9765625 0.9256559766763849 0.984375 0.9314868804664723 0.98828125 0.9402332361516035 0.994140625 0.9431486880466472 0.99609375 0.9489795918367347 0.994140625 0.9664723032069971 0.990234375 0.9693877551020408 0.990234375 0.9737609329446064 0.994140625 0.9766763848396501 0.994140625 0.9839650145772595 0.990234375 0.9883381924198251 0.990234375 0.9912536443148688 0.994140625 0.9941690962099126 0.990234375 0.9985422740524781 0.986328125 0.9941690962099126 0.986328125 0.9897959183673469 0.97265625 0.9766763848396501 0.966796875 0.9650145772594753 0.94921875 0.9460641399416909 0.947265625 0.9402332361516035 0.93359375 0.9314868804664723 0.92578125 0.9183673469387755 0.92578125 0.9139941690962099 0.91796875 0.9037900874635568 0.919921875 0.8994169096209913 0.904296875 0.8862973760932945 0.900390625 0.8862973760932945 0.888671875 0.8658892128279884 0.8828125 0.8615160349854227 0.876953125 0.8483965014577259 0.865234375 0.8352769679300291 0.859375 0.8177842565597667 0.83984375 0.7944606413994169 0.837890625 0.782798833819242 0.830078125 0.7784256559766763 0.828125 0.7682215743440233 0.8046875 0.750728862973761 0.802734375 0.7361516034985423 0.806640625 0.7303206997084548 0.81640625 0.7259475218658892 0.82421875 0.7317784256559767 0.82421875 0.750728862973761 0.833984375 0.7565597667638484 0.83984375 0.7682215743440233 0.857421875 0.7842565597667639 0.869140625 0.7842565597667639 0.88671875 0.793002915451895 0.89453125 0.793002915451895 0.896484375 0.7900874635568513 0.900390625 0.8002915451895044 0.90234375 0.7973760932944607 0.90625 0.7988338192419825 0.908203125 0.7973760932944607 0.91015625 0.7900874635568513 0.91015625 0.782798833819242 0.90625 0.7784256559766763 0.908203125 0.7755102040816326 0.904296875 0.7725947521865889 0.900390625 0.7725947521865889 0.8984375 0.7682215743440233 0.892578125 0.7653061224489796 0.892578125 0.760932944606414 0.88671875 0.7580174927113703 0.884765625 0.7521865889212828 0.87890625 0.7478134110787172 0.876953125 0.7419825072886297 0.869140625 0.7361516034985423 0.865234375 0.7288629737609329 0.84765625 0.7201166180758017 0.84375 0.7201166180758017 0.83984375 0.7230320699708455 0.837890625 0.7186588921282799 0.830078125 0.7128279883381924 0.818359375 0.7099125364431487 0.81640625 0.706997084548105 0.81640625 0.6865889212827988 0.818359375 0.685131195335277
1 0.49609375 0.27405247813411077 0.49609375 0.282798833819242 0.5 0.2857142857142857 0.51171875 0.28717201166180756 0.5390625 0.282798833819242 0.54296875 0.2988338192419825 0.54296875 0.32215743440233235 0.544921875 0.3236151603498542 0.54296875 0.32653061224489793 0.54296875 0.3688046647230321 0.541015625 0.37026239067055394 0.541015625 0.40233236151603496 0.5390625 0.4037900874635568 0.537109375 0.43440233236151604 0.53125 0.4387755102040816 0.50390625 0.446064139941691 0.4765625 0.4446064139941691 0.4609375 0.4402332361516035 0.4609375 0.3717201166180758 0.46484375 0.3556851311953353 0.458984375 0.3425655976676385 0.458984375 0.31486880466472306 0.46875 0.2988338192419825 0.482421875 0.29300291545189505 0.482421875 0.28425655976676384 0.486328125 0.2755102040816326 0.490234375 0.2725947521865889 0.494140625 0.27405247813411077
1 0.82421875 0.6676384839650146 0.82421875 0.6749271137026239 0.828125 0.6778425655976676 0.8359375 0.6763848396501457 0.841796875 0.6880466472303207 0.845703125 0.6880466472303207 0.857421875 0.6967930029154519 0.86328125 0.6967930029154519 0.880859375 0.7084548104956269 0.88671875 0.717201166180758 0.900390625 0.7288629737609329 0.921875 0.739067055393586 0.93359375 0.7521865889212828 0.935546875 0.7580174927113703 0.943359375 0.7638483965014577 0.9453125 0.7682215743440233 0.943359375 0.7711370262390671 0.947265625 0.7784256559766763 0.958984375 0.7886297376093294 0.982421875 0.7959183673469388 0.98828125 0.814868804664723 0.998046875 0.8236151603498543 0.998046875 0.8571428571428571 0.99609375 0.858600583090379 0.998046875 0.8848396501457726 0.994140625 0.8862973760932945 0.994140625 0.892128279883382 0.9921875 0.89067055393586 0.994140625 0.8862973760932945 0.990234375 0.8833819241982507 0.98828125 0.8848396501457726 0.986328125 0.8950437317784257 0.98828125 0.9037900874635568 0.986328125 0.9139941690962099 0.994140625 0.9212827988338192 0.994140625 0.9271137026239067 0.998046875 0.934402332361516 0.998046875 0.9460641399416909 0.994140625 0.9650145772594753 0.98828125 0.967930029154519 0.98828125 0.9766763848396501 0.9921875 0.978134110787172 0.9921875 0.9810495626822158 0.98046875 0.9825072886297376 0.9765625 0.9795918367346939 0.966796875 0.9620991253644315 0.958984375 0.956268221574344 0.94921875 0.9402332361516035 0.935546875 0.9300291545189504 0.931640625 0.9183673469387755 0.921875 0.9067055393586005 0.921875 0.902332361516035 0.916015625 0.8935860058309038 0.90234375 0.8819241982507289 0.8984375 0.8731778425655977 0.880859375 0.8513119533527697 0.87890625 0.8440233236151603 0.873046875 0.8396501457725948 0.861328125 0.8221574344023324 0.859375 0.8134110787172012 0.8515625 0.8075801749271136 0.83984375 0.793002915451895 0.837890625 0.7784256559766763 0.841796875 0.7725947521865889 0.84375 0.7740524781341108 0.84765625 0.7725947521865889 0.8515625 0.7769679300291545 0.857421875 0.7755102040816326 0.861328125 0.7784256559766763 0.869140625 0.7755102040816326 0.87109375 0.7842565597667639 0.896484375 0.7740524781341108 0.890625 0.7623906705539358 0.884765625 0.7594752186588921 0.8828125 0.7536443148688047 0.86328125 0.7288629737609329 0.857421875 0.7244897959183674 0.83984375 0.7244897959183674 0.837890625 0.7259475218658892 0.833984375 0.7186588921282799 0.818359375 0.7099125364431487 0.81640625 0.7055393586005831 0.81640625 0.6778425655976676 0.8203125 0.6822157434402333 0.822265625 0.6807580174927114 0.82421875 0.6778425655976676 0.822265625 0.6705539358600583 0.82421875 0.6690962099125365
1 0.982421875 0.0029154518950437317 0.986328125 0.011661807580174927 0.984375 0.01020408163265306 0.982421875 0.011661807580174927 0.982421875 0.018950437317784258 0.9765625 0.029154518950437316 0.96484375 0.037900874635568516 0.966796875 0.05393586005830904 0.9609375 0.0641399416909621 0.94140625 0.0641399416909621 0.935546875 0.06705539358600583 0.935546875 0.06997084548104957 0.92578125 0.07725947521865889 0.90625 0.07725947521865889 0.904296875 0.07871720116618076 0.8984375 0.07580174927113703 0.892578125 0.07580174927113703 0.890625 0.08454810495626822 0.884765625 0.08454810495626822 0.8828125 0.08017492711370262 0.873046875 0.07725947521865889 0.869140625 0.08454810495626822 0.875 0.08746355685131195 0.865234375 0.09329446064139942 0.84375 0.09475218658892129 0.83984375 0.09183673469387756 0.837890625 0.09329446064139942 0.8359375 0.09183673469387756 0.833984375 0.08600583090379009 0.828125 0.09183673469387756 0.826171875 0.10058309037900874 0.8125 0.10641399416909621 0.791015625 0.10787172011661808 0.78515625 0.11224489795918367 0.775390625 0.11224489795918367 0.7734375 0.1151603498542274 0.765625 0.1151603498542274 0.75390625 0.119533527696793 0.744140625 0.119533527696793 0.740234375 0.11661807580174927 0.7265625 0.11661807580174927 0.71875 0.12244897959183673 0.72265625 0.12536443148688048 0.720703125 0.12973760932944606 0.708984375 0.1326530612244898 0.685546875 0.13411078717201166 0.6796875 0.13702623906705538 0.6640625 0.1326530612244898 0.658203125 0.13702623906705538 0.650390625 0.13702623906705538 0.64453125 0.13994169096209913 0.6328125 0.13994169096209913 0.615234375 0.14723032069970846 0.603515625 0.14868804664723032 0.59375 0.15306122448979592 0.583984375 0.15306122448979592 0.572265625 0.1588921282798834 0.564453125 0.1588921282798834 0.55859375 0.15451895043731778 0.55859375 0.13994169096209913 0.560546875 0.13848396501457727 0.564453125 0.13994169096209913 0.576171875 0.13702623906705538 0.580078125 0.13411078717201166 0.578125 0.12973760932944606 0.587890625 0.12244897959183673 0.591796875 0.12244897959183673 0.595703125 0.119533527696793 0.607421875 0.119533527696793 0.611328125 0.12244897959183673 0.619140625 0.1239067055393586 0.626953125 0.119533527696793 0.6328125 0.119533527696793 0.640625 0.10932944606413994 0.640625 0.10349854227405247 0.646484375 0.10204081632653061 0.662109375 0.08746355685131195 0.67578125 0.08309037900874636 0.685546875 0.07725947521865889 0.69140625 0.07725947521865889 0.69921875 0.08309037900874636 0.708984375 0.08017492711370262 0.712890625 0.07725947521865889 0.712890625 0.0728862973760933 0.71875 0.0728862973760933 0.72265625 0.06559766763848396 0.734375 0.0597667638483965 0.744140625 0.04956268221574344 0.748046875 0.052478134110787174 0.759765625 0.04081632653061224 0.783203125 0.027696793002915453 0.80078125 0.023323615160349854 0.802734375 0.029154518950437316 0.80078125 0.03206997084548105 0.8046875 0.03498542274052478 0.80859375 0.03498542274052478 0.814453125 0.027696793002915453 0.8125 0.02040816326530612 0.81640625 0.021865889212827987 0.8203125 0.02040816326530612 0.822265625 0.023323615160349854 0.837890625 0.023323615160349854 0.845703125 0.01749271137026239 0.857421875 0.016034985422740525 0.87109375 0.01020408163265306 0.876953125 0.004373177842565598 0.888671875 0.0029154518950437317 0.892578125 0 0.96875 0 0.98046875 0.0029154518950437317
1 0.8359375 0.5466472303206997 0.845703125 0.5524781341107872 0.85546875 0.5553935860058309 0.884765625 0.577259475218659 0.896484375 0.5787172011661808 0.904296875 0.5830903790087464 0.916015625 0.5947521865889213 0.9296875 0.6005830903790087 0.9375 0.607871720116618 0.943359375 0.60932944606414 0.93359375 0.6355685131195336 0.927734375 0.641399416909621 0.904296875 0.6239067055393586 0.888671875 0.6151603498542274 0.87890625 0.6151603498542274 0.875 0.6180758017492711 0.873046875 0.6166180758017493 0.875 0.6107871720116618 0.8671875 0.6020408163265306 0.8515625 0.5918367346938775 0.8515625 0.5874635568513119 0.84765625 0.5845481049562682 0.8359375 0.5801749271137027 0.8359375 0.5714285714285714 0.83203125 0.5670553935860059 0.83203125 0.5539358600583091 0.8359375 0.5481049562682215
1 0.9609375 0.12099125364431487 0.962890625 0.12244897959183673 0.96484375 0.12099125364431487 0.98046875 0.12099125364431487 0.986328125 0.11807580174927114 0.9921875 0.11807580174927114 0.998046875 0.12973760932944606 0.998046875 0.141399416909621 0.990234375 0.14723032069970846 0.982421875 0.14868804664723032 0.978515625 0.15160349854227406 0.96875 0.15306122448979592 0.93359375 0.15160349854227406 0.92578125 0.15451895043731778 0.91796875 0.15451895043731778 0.91015625 0.16034985422740525 0.908203125 0.17346938775510204 0.90234375 0.17055393586005832 0.900390625 0.1618075801749271 0.896484375 0.1588921282798834 0.892578125 0.1588921282798834 0.880859375 0.1618075801749271 0.876953125 0.16472303206997085 0.873046875 0.17346938775510204 0.861328125 0.1661807580174927 0.845703125 0.1661807580174927 0.84375 0.16763848396501457 0.830078125 0.1661807580174927 0.8203125 0.16763848396501457 0.814453125 0.1749271137026239 0.8046875 0.17055393586005832 0.775390625 0.17201166180758018 0.765625 0.1749271137026239 0.748046875 0.1749271137026239 0.74609375 0.17638483965014579 0.740234375 0.1749271137026239 0.736328125 0.18658892128279883 0.734375 0.18513119533527697 0.73046875 0.18658892128279883 0.724609375 0.1793002915451895 0.720703125 0.17784256559766765 0.716796875 0.18221574344023322 0.697265625 0.1793002915451895 0.67578125 0.18513119533527697 0.669921875 0.1836734693877551 0.6640625 0.18658892128279883 0.654296875 0.18658892128279883 0.646484375 0.18950437317784258 0.609375 0.19387755102040816 0.59375 0.1924198250728863 0.58984375 0.18950437317784258 0.591796875 0.18513119533527697 0.59765625 0.18075801749271136 0.60546875 0.18075801749271136 0.609375 0.17784256559766765 0.623046875 0.17638483965014579 0.640625 0.16909620991253643 0.646484375 0.17055393586005832 0.650390625 0.16763848396501457 0.658203125 0.1661807580174927 0.673828125 0.16763848396501457 0.685546875 0.16326530612244897 0.69921875 0.1618075801749271 0.705078125 0.16326530612244897 0.708984375 0.16034985422740525 0.716796875 0.16034985422740525 0.734375 0.15451895043731778 0.755859375 0.15451895043731778 0.77734375 0.14868804664723032 0.7890625 0.14868804664723032 0.796875 0.1457725947521866 0.8203125 0.14285714285714285 0.837890625 0.13702623906705538 0.861328125 0.13556851311953352 0.87109375 0.1326530612244898 0.884765625 0.1326530612244898 0.9140625 0.12682215743440234 0.931640625 0.12682215743440234 0.94921875 0.12099125364431487 0.958984375 0.12099125364431487
1 0.91015625 0.4620991253644315 0.927734375 0.47230320699708456 0.95703125 0.48250728862973763 0.97265625 0.49416909620991256 0.978515625 0.4956268221574344 0.998046875 0.5072886297376094 0.998046875 0.5422740524781341 0.99609375 0.543731778425656 0.98828125 0.5422740524781341 0.978515625 0.5335276967930029 0.958984375 0.5262390670553936 0.9453125 0.5160349854227405 0.935546875 0.5131195335276968 0.921875 0.5029154518950437 0.90234375 0.49416909620991256 0.88671875 0.4839650145772595 0.884765625 0.47667638483965014 0.888671875 0.4708454810495627 0.8984375 0.4620991253644315 0.908203125 0.4620991253644315
1 0.15625 0.2099125364431487 0.169921875 0.22011661807580174 0.17578125 0.21574344023323616 0.181640625 0.21720116618075802 0.18359375 0.21282798833819241 0.1875 0.21282798833819241 0.203125 0.22011661807580174 0.203125 0.22740524781341107 0.20703125 0.2303206997084548 0.203125 0.23760932944606414 0.208984375 0.24052478134110788 0.212890625 0.24635568513119532 0.212890625 0.2536443148688047 0.20703125 0.2521865889212828 0.19921875 0.25510204081632654 0.189453125 0.24927113702623907 0.185546875 0.2521865889212828 0.177734375 0.25072886297376096 0.17578125 0.2521865889212828 0.1796875 0.2594752186588921 0.177734375 0.26822157434402333 0.18359375 0.282798833819242 0.1875 0.27988338192419826 0.1875 0.27696793002915454 0.19140625 0.282798833819242 0.212890625 0.27696793002915454 0.212890625 0.28425655976676384 0.20703125 0.29300291545189505 0.203125 0.2915451895043732 0.197265625 0.2944606413994169 0.173828125 0.2915451895043732 0.166015625 0.29300291545189505 0.16796875 0.3075801749271137 0.16015625 0.30903790087463556 0.16015625 0.31486880466472306 0.16015625 0.3104956268221574 0.15625 0.30903790087463556 0.150390625 0.3177842565597668 0.16015625 0.3236151603498542 0.16796875 0.3236151603498542 0.169921875 0.32653061224489793 0.173828125 0.32215743440233235 0.173828125 0.3177842565597668 0.173828125 0.3206997084548105 0.1796875 0.3250728862973761 0.181640625 0.3338192419825073 0.177734375 0.336734693877551 0.166015625 0.33819241982507287 0.1640625 0.34110787172011664 0.16015625 0.33819241982507287 0.15625 0.33819241982507287 0.150390625 0.3425655976676385 0.13671875 0.3454810495626822 0.126953125 0.35131195335276966 0.123046875 0.35131195335276966 0.1171875 0.35714285714285715 0.119140625 0.36005830903790087 0.12890625 0.35714285714285715 0.138671875 0.3629737609329446 0.140625 0.36588921282798836 0.13671875 0.37026239067055394 0.1328125 0.38338192419825073 0.138671875 0.3892128279883382 0.14453125 0.3892128279883382 0.146484375 0.38338192419825073 0.146484375 0.3892128279883382 0.138671875 0.39067055393586003 0.134765625 0.3892128279883382 0.1328125 0.38338192419825073 0.126953125 0.3819241982507289 0.115234375 0.3892128279883382 0.115234375 0.3979591836734694 0.111328125 0.4008746355685131 0.1015625 0.39941690962099125 0.091796875 0.4037900874635568 0.08984375 0.40816326530612246 0.1015625 0.4096209912536443 0.10546875 0.40524781341107874 0.111328125 0.40524781341107874 0.115234375 0.40816326530612246 0.126953125 0.40524781341107874 0.126953125 0.40816326530612246 0.134765625 0.4110787172011662 0.1328125 0.41253644314868804 0.134765625 0.4227405247813411 0.142578125 0.43002915451895046 0.146484375 0.43002915451895046 0.146484375 0.44314868804664725 0.15234375 0.44752186588921283 0.1640625 0.43731778425655976 0.171875 0.4358600583090379 0.19140625 0.4198250728862974 0.189453125 0.40816326530612246 0.1796875 0.4037900874635568 0.1875 0.3965014577259475 0.185546875 0.39067055393586003 0.189453125 0.3892128279883382 0.1953125 0.3935860058309038 0.1953125 0.3979591836734694 0.19921875 0.4008746355685131 0.201171875 0.3935860058309038 0.205078125 0.39212827988338195 0.205078125 0.3819241982507289 0.201171875 0.37900874635568516 0.208984375 0.37755102040816324 0.21484375 0.38338192419825073 0.22265625 0.3848396501457726 0.2265625 0.3819241982507289 0.224609375 0.3717201166180758 0.2265625 0.36443148688046645 0.232421875 0.3629737609329446 0.228515625 0.34839650145772594 0.232421875 0.34110787172011664 0.240234375 0.34110787172011664 0.244140625 0.33819241982507287 0.24609375 0.3454810495626822 0.23828125 0.34402332361516036 0.232421875 0.34839650145772594 0.23828125 0.35131195335276966 0.236328125 0.3556851311953353 0.244140625 0.35714285714285715 0.244140625 0.3629737609329446 0.25390625 0.3688046647230321 0.255859375 0.3760932944606414 0.234375 0.4008746355685131 0.21875 0.41253644314868804 0.2109375 0.4139941690962099 0.208984375 0.4227405247813411 0.19921875 0.43731778425655976 0.19140625 0.44314868804664725 0.185546875 0.4518950437317784 0.1796875 0.45481049562682213 0.173828125 0.46355685131195334 0.162109375 0.46938775510204084 0.16015625 0.47667638483965014 0.150390625 0.48542274052478135 0.146484375 0.49271137026239065 0.13671875 0.49854227405247814 0.1328125 0.5072886297376094 0.12890625 0.5087463556851312 0.111328125 0.5291545189504373 0.10546875 0.532069970845481 0.1015625 0.5422740524781341 0.087890625 0.5539358600583091 0.083984375 0.5612244897959183 0.064453125 0.5743440233236151 0.0546875 0.5860058309037901 0.052734375 0.5918367346938775 0.033203125 0.6107871720116618 0.02734375 0.619533527696793 0.015625 0.6282798833819242 0.005859375 0.6399416909620991 0 0.6355685131195336 0 0.60932944606414 0.00390625 0.6049562682215743 0.00390625 0.5874635568513119 0.009765625 0.577259475218659 0.01171875 0.577259475218659 0.0078125 0.5845481049562682 0.01171875 0.5889212827988338 0.015625 0.5860058309037901 0.017578125 0.575801749271137 0.017578125 0.5728862973760933 0.01171875 0.5699708454810496 0.0078125 0.5612244897959183 0.00390625 0.5670553935860059 0.005859375 0.5597667638483965 0.00390625 0.5393586005830904 0.0078125 0.5349854227405247 0.033203125 0.5364431486880467 0.044921875 0.5291545189504373 0.046875 0.521865889212828 0.048828125 0.5233236151603499 0.05078125 0.5204081632653061 0.056640625 0.5204081632653061 0.060546875 0.5247813411078717 0.068359375 0.521865889212828 0.07421875 0.5145772594752187 0.083984375 0.5160349854227405 0.08984375 0.5043731778425656 0.095703125 0.5072886297376094 0.103515625 0.5043731778425656 0.10546875 0.4897959183673469 0.11328125 0.4868804664723032 0.1171875 0.47959183673469385 0.115234375 0.47230320699708456 0.10546875 0.4708454810495627 0.09765625 0.47959183673469385 0.09765625 0.4839650145772595 0.0859375 0.4839650145772595 0.08203125 0.4868804664723032 0.078125 0.4868804664723032 0.078125 0.4752186588921283 0.080078125 0.4737609329446064 0.080078125 0.46355685131195334 0.078125 0.4620991253644315 0.07421875 0.4650145772594752 0.0625 0.4679300291545189 0.056640625 0.4752186588921283 0.05078125 0.4752186588921283 0.03125 0.4897959183673469 0.025390625 0.4897959183673469 0.0234375 0.49271137026239065 0.013671875 0.49271137026239065 0.009765625 0.4897959183673469 0.0078125 0.49416909620991256 0.0078125 0.48104956268221577 0.0390625 0.45918367346938777 0.037109375 0.4577259475218659 0.0390625 0.4518950437317784 0.033203125 0.4489795918367347 0.04296875 0.45043731778425655 0.05078125 0.44752186588921283 0.06640625 0.446064139941691 0.072265625 0.44314868804664725 0.076171875 0.4358600583090379 0.083984375 0.4314868804664723 0.083984375 0.42857142857142855 0.080078125 0.4271137026239067 0.080078125 0.42419825072886297 0.07421875 0.4198250728862974 0.06640625 0.4198250728862974 0.064453125 0.42128279883381925 0.068359375 0.42419825072886297 0.05859375 0.42857142857142855 0.060546875 0.4329446064139942 0.060546875 0.43002915451895046 0.0546875 0.42565597667638483 0.048828125 0.42565597667638483 0.0390625 0.4329446064139942 0.029296875 0.43440233236151604 0.0234375 0.4489795918367347 0.03125 0.45335276967930027 0.029296875 0.45918367346938777 0.025390625 0.4577259475218659 0.021484375 0.4606413994169096 0.017578125 0.4606413994169096 0.017578125 0.45918367346938777 0.025390625 0.45043731778425655 0.015625 0.446064139941691 0.0078125 0.4489795918367347 0.00390625 0.446064139941691 0.00390625 0.43002915451895046 0.001953125 0.42857142857142855 0.0078125 0.42565597667638483 0.0078125 0.42128279883381925 0.01171875 0.42565597667638483 0.015625 0.42128279883381925 0.025390625 0.4198250728862974 0.029296875 0.41545189504373176 0.048828125 0.4037900874635568 0.05859375 0.3877551020408163 0.0703125 0.39212827988338195 0.078125 0.3848396501457726 0.072265625 0.380466472303207 0.064453125 0.3848396501457726 0.060546875 0.3819241982507289 0.05859375 0.3746355685131195 0.048828125 0.3717201166180758 0.048828125 0.36443148688046645 0.0546875 0.358600583090379 0.046875 0.3498542274052478 0.046875 0.3469387755102041 0.052734375 0.35131195335276966 0.052734375 0.35422740524781343 0.056640625 0.3556851311953353 0.060546875 0.35131195335276966 0.05859375 0.34110787172011664 0.0625 0.3396501457725947 0.06640625 0.34110787172011664 0.068359375 0.3469387755102041 0.072265625 0.3498542274052478 0.076171875 0.3498542274052478 0.080078125 0.3425655976676385 0.087890625 0.3469387755102041 0.095703125 0.33527696793002915 0.1015625 0.3396501457725947 0.1171875 0.32798833819241985 0.115234375 0.32215743440233235 0.1015625 0.32215743440233235 0.099609375 0.32798833819241985 0.095703125 0.32798833819241985 0.091796875 0.3250728862973761 0.087890625 0.3250728862973761 0.087890625 0.3206997084548105 0.083984375 0.3177842565597668 0.0625 0.3236151603498542 0.05859375 0.32653061224489793 0.0546875 0.3338192419825073 0.048828125 0.33819241982507287 0.052734375 0.34110787172011664 0.052734375 0.3454810495626822 0.048828125 0.3425655976676385 0.04296875 0.34402332361516036 0.029296875 0.34110787172011664 0.0234375 0.3454810495626822 0.021484375 0.34402332361516036 0.017578125 0.3454810495626822 0.015625 0.3498542274052478 0.01171875 0.3469387755102041 0.0078125 0.34839650145772594 0.005859375 0.3469387755102041 0.0078125 0.34110787172011664 0 0.336734693877551 0 0.33090379008746357 0.00390625 0.32798833819241985 0.00390625 0.3236151603498542 0.009765625 0.3206997084548105 0.009765625 0.3119533527696793 0.00390625 0.30903790087463556 0.009765625 0.30612244897959184 0.015625 0.30612244897959184 0.01953125 0.30903790087463556 0.0390625 0.3075801749271137 0.04296875 0.30466472303207 0.044921875 0.30612244897959184 0.056640625 0.30466472303207 0.0625 0.30029154518950435 0.0625 0.29737609329446063 0.05859375 0.29591836734693877 0.05859375 0.29008746355685133 0.052734375 0.2886297376093295 0.05078125 0.2857142857142857 0.052734375 0.28425655976676384 0.05078125 0.2813411078717201 0.044921875 0.28425655976676384 0.04296875 0.2886297376093295 0.04296875 0.2944606413994169 0.052734375 0.29591836734693877 0.05078125 0.30029154518950435 0.046875 0.2988338192419825 0.037109375 0.30029154518950435 0.033203125 0.29591836734693877 0.041015625 0.29008746355685133 0.029296875 0.2857142857142857 0.025390625 0.2886297376093295 0.025390625 0.28425655976676384 0.02734375 0.2857142857142857 0.03125 0.2813411078717201 0.03515625 0.2813411078717201 0.04296875 0.27405247813411077 0.05078125 0.27113702623906705 0.052734375 0.26676384839650147 0.064453125 0.2653061224489796 0.068359375 0.26239067055393583 0.078125 0.26384839650145775 0.080078125 0.260932944606414 0.0859375 0.260932944606414 0.091796875 0.25510204081632654 0.087890625 0.2521865889212828 0.083984375 0.2521865889212828 0.07421875 0.24489795918367346 0.0703125 0.2478134110787172 0.0703125 0.25072886297376096 0.06640625 0.24927113702623907 0.06640625 0.24198250728862974 0.0703125 0.239067055393586 0.07421875 0.24198250728862974 0.076171875 0.24052478134110788 0.0859375 0.24198250728862974 0.091796875 0.24052478134110788 0.095703125 0.2434402332361516 0.095703125 0.24635568513119532 0.091796875 0.24927113702623907 0.09375 0.2536443148688047 0.107421875 0.2478134110787172 0.10546875 0.24198250728862974 0.107421875 0.23469387755102042 0.1015625 0.23177842565597667 0.080078125 0.23177842565597667 0.078125 0.2303206997084548 0.060546875 0.23177842565597667 0.0546875 0.22886297376093295 0.044921875 0.23323615160349853 0.044921875 0.24052478134110788 0.048828125 0.2434402332361516 0.048828125 0.2521865889212828 0.041015625 0.25801749271137026 0.0390625 0.2565597667638484 0.041015625 0.25072886297376096 0.0390625 0.24198250728862974 0.041015625 0.24052478134110788 0.03515625 0.23760932944606414 0.03125 0.23760932944606414 0.02734375 0.24052478134110788 0.029296875 0.2536443148688047 0.021484375 0.2478134110787172 0.017578125 0.2478134110787172 0.013671875 0.25072886297376096 0.015625 0.2478134110787172 0.013671875 0.24489795918367346 0.01953125 0.24052478134110788 0.017578125 0.23323615160349853 0.01953125 0.23177842565597667 0.02734375 0.23323615160349853 0.037109375 0.22448979591836735 0.041015625 0.2230320699708455 0.048828125 0.22448979591836735 0.0546875 0.22011661807580174 0.06640625 0.21865889212827988 0.0859375 0.22011661807580174 0.115234375 0.21574344023323616 0.125 0.21865889212827988 0.12890625 0.21574344023323616 0.1328125 0.21720116618075802 0.13671875 0.21574344023323616 0.146484375 0.21865889212827988 0.15625 0.21137026239067055
1 0.908203125 0.9897959183673469 0.912109375 0.9941690962099126 0.904296875 0.9985422740524781 0.857421875 0.9985422740524781 0.8515625 0.9941690962099126 0.849609375 0.9854227405247813 0.841796875 0.9752186588921283 0.833984375 0.956268221574344 0.828125 0.9504373177842566 0.8203125 0.9285714285714286 0.814453125 0.9212827988338192 0.8125 0.9139941690962099 0.802734375 0.902332361516035 0.798828125 0.8950437317784257 0.798828125 0.8892128279883382 0.79296875 0.8819241982507289 0.79296875 0.8688046647230321 0.791015625 0.8673469387755102 0.79296875 0.858600583090379 0.796875 0.8527696793002916 0.80859375 0.8469387755102041 0.814453125 0.8469387755102041 0.828125 0.8600583090379009 0.828125 0.8731778425655977 0.83203125 0.8819241982507289 0.83984375 0.8877551020408163 0.84375 0.9081632653061225 0.857421875 0.924198250728863 0.86328125 0.9285714285714286 0.8671875 0.9285714285714286 0.8828125 0.9431486880466472 0.884765625 0.9518950437317785 0.888671875 0.9548104956268222 0.888671875 0.9737609329446064 0.892578125 0.9795918367346939 0.90625 0.9897959183673469
1 0.8203125 0.37900874635568516 0.828125 0.38629737609329445 0.8359375 0.38629737609329445 0.841796875 0.39212827988338195 0.84765625 0.39067055393586003 0.85546875 0.3965014577259475 0.876953125 0.39941690962099125 0.88671875 0.4037900874635568 0.892578125 0.4037900874635568 0.904296875 0.4096209912536443 0.904296875 0.4139941690962099 0.8984375 0.41253644314868804 0.88671875 0.42419825072886297 0.875 0.42128279883381925 0.873046875 0.41690962099125367 0.8671875 0.41690962099125367 0.859375 0.4139941690962099 0.857421875 0.4110787172011662 0.84375 0.40816326530612246 0.837890625 0.40233236151603496 0.828125 0.39941690962099125 0.826171875 0.3965014577259475 0.814453125 0.3935860058309038 0.810546875 0.39067055393586003 0.810546875 0.3848396501457726 0.8125 0.3819241982507289 0.818359375 0.380466472303207
1 0.638671875 0.3032069970845481 0.666015625 0.31486880466472306 0.67578125 0.3163265306122449 0.69921875 0.32798833819241985 0.70703125 0.32798833819241985 0.716796875 0.3338192419825073 0.7265625 0.33527696793002915 0.734375 0.3396501457725947 0.75 0.34402332361516036 0.76171875 0.35131195335276966 0.765625 0.35131195335276966 0.775390625 0.35714285714285715 0.80859375 0.3688046647230321 0.833984375 0.3819241982507289 0.841796875 0.38338192419825073 0.8515625 0.39067055393586003 0.873046875 0.39504373177842567 0.88671875 0.4008746355685131 0.892578125 0.4008746355685131 0.904296875 0.4067055393586006 0.91015625 0.4067055393586006 0.912109375 0.4110787172011662 0.888671875 0.42565597667638483 0.8828125 0.42565597667638483 0.8515625 0.4110787172011662 0.83984375 0.40816326530612246 0.82421875 0.3979591836734694 0.8125 0.3935860058309038 0.80859375 0.39067055393586003 0.806640625 0.3848396501457726 0.80078125 0.3877551020408163 0.79296875 0.3877551020408163 0.763671875 0.37317784256559766 0.748046875 0.3717201166180758 0.748046875 0.3688046647230321 0.740234375 0.3629737609329446 0.732421875 0.36151603498542273 0.720703125 0.35276967930029157 0.705078125 0.3498542274052478 0.69140625 0.34402332361516036 0.67578125 0.3323615160349854 0.65625 0.32653061224489793 0.654296875 0.32798833819241985 0.642578125 0.31924198250728864 0.6328125 0.3163265306122449 0.630859375 0.3104956268221574 0.6328125 0.30466472303207 0.63671875 0.3032069970845481
1 0.818359375 0.6836734693877551 0.82421875 0.6865889212827988 0.8359375 0.7011661807580175 0.84375 0.706997084548105 0.84765625 0.706997084548105 0.857421875 0.6997084548104956 0.865234375 0.6982507288629738 0.87890625 0.706997084548105 0.888671875 0.7201166180758017 0.90234375 0.7303206997084548 0.91015625 0.7332361516034985 0.9140625 0.739067055393586 0.916015625 0.7376093294460642 0.923828125 0.7419825072886297 0.931640625 0.7580174927113703 0.939453125 0.760932944606414 0.943359375 0.7653061224489796 0.947265625 0.7798833819241983 0.966796875 0.793002915451895 0.98046875 0.7959183673469388 0.984375 0.8017492711370262 0.986328125 0.8119533527696793 0.998046875 0.8250728862973761 0.998046875 0.8760932944606414 0.994140625 0.8760932944606414 0.9921875 0.8673469387755102 0.97265625 0.8542274052478134 0.962890625 0.8396501457725948 0.939453125 0.8192419825072886 0.931640625 0.8104956268221575 0.927734375 0.8017492711370262 0.919921875 0.7959183673469388 0.919921875 0.7886297376093294 0.912109375 0.7857142857142857 0.90625 0.7725947521865889 0.8984375 0.7667638483965015 0.892578125 0.7653061224489796 0.892578125 0.760932944606414 0.884765625 0.7565597667638484 0.86328125 0.7274052478134111 0.84765625 0.7186588921282799 0.83984375 0.7215743440233237 0.830078125 0.7128279883381924 0.818359375 0.706997084548105 0.81640625 0.7040816326530612 0.818359375 0.685131195335277
1 0.677734375 0.22011661807580174 0.689453125 0.2230320699708455 0.73828125 0.2230320699708455 0.7421875 0.22157434402332363 0.751953125 0.22448979591836735 0.76171875 0.22157434402332363 0.763671875 0.2230320699708455 0.783203125 0.2230320699708455 0.78515625 0.2259475218658892 0.79296875 0.2259475218658892 0.802734375 0.2230320699708455 0.806640625 0.2259475218658892 0.826171875 0.22448979591836735 0.8359375 0.22886297376093295 0.85546875 0.2259475218658892 0.8984375 0.2259475218658892 0.9140625 0.2303206997084548 0.923828125 0.22740524781341107 0.9296875 0.2303206997084548 0.927734375 0.23760932944606414 0.91796875 0.24635568513119532 0.912109375 0.2478134110787172 0.908203125 0.2478134110787172 0.90234375 0.2434402332361516 0.900390625 0.24489795918367346 0.892578125 0.2434402332361516 0.884765625 0.2478134110787172 0.87109375 0.24635568513119532 0.869140625 0.2434402332361516 0.857421875 0.24635568513119532 0.84375 0.24489795918367346 0.841796875 0.24198250728862974 0.833984375 0.24198250728862974 0.830078125 0.239067055393586 0.82421875 0.239067055393586 0.81640625 0.2434402332361516 0.8046875 0.23469387755102042 0.796875 0.24052478134110788 0.791015625 0.24052478134110788 0.7890625 0.23615160349854228 0.78515625 0.23760932944606414 0.76171875 0.23760932944606414 0.759765625 0.23615160349854228 0.751953125 0.23760932944606414 0.734375 0.23615160349854228 0.73046875 0.23760932944606414 0.72265625 0.23323615160349853 0.716796875 0.23469387755102042 0.6953125 0.23177842565597667 0.673828125 0.23177842565597667 0.6484375 0.2259475218658892 0.625 0.22740524781341107 0.62109375 0.22448979591836735 0.611328125 0.2259475218658892 0.60546875 0.2230320699708455 0.6015625 0.2230320699708455 0.59765625 0.2259475218658892 0.59375 0.2230320699708455 0.595703125 0.21865889212827988 0.662109375 0.22011661807580174 0.6640625 0.22157434402332363 0.67578125 0.22011661807580174
1 0.611328125 0.2521865889212828 0.640625 0.2594752186588921 0.6484375 0.2594752186588921 0.658203125 0.26384839650145775 0.66796875 0.26384839650145775 0.671875 0.26676384839650147 0.689453125 0.26822157434402333 0.6953125 0.2725947521865889 0.708984375 0.27696793002915454 0.728515625 0.2784256559766764 0.748046875 0.282798833819242 0.75 0.2813411078717201 0.767578125 0.28717201166180756 0.775390625 0.28717201166180756 0.787109375 0.29300291545189505 0.8203125 0.29591836734693877 0.8359375 0.3032069970845481 0.85546875 0.30466472303207 0.865234375 0.30903790087463556 0.87890625 0.3075801749271137 0.892578125 0.31341107871720114 0.91015625 0.3163265306122449 0.91796875 0.32215743440233235 0.9140625 0.3323615160349854 0.9140625 0.34402332361516036 0.912109375 0.34110787172011664 0.90625 0.34110787172011664 0.896484375 0.35131195335276966 0.888671875 0.3469387755102041 0.8828125 0.35131195335276966 0.87890625 0.3454810495626822 0.87109375 0.34839650145772594 0.873046875 0.3454810495626822 0.865234375 0.33527696793002915 0.8515625 0.3294460641399417 0.8359375 0.3294460641399417 0.833984375 0.33090379008746357 0.833984375 0.32653061224489793 0.822265625 0.3206997084548105 0.810546875 0.32215743440233235 0.80078125 0.3177842565597668 0.7890625 0.3177842565597668 0.783203125 0.31341107871720114 0.771484375 0.3119533527696793 0.767578125 0.3075801749271137 0.755859375 0.30466472303207 0.751953125 0.30612244897959184 0.736328125 0.30466472303207 0.734375 0.3075801749271137 0.73046875 0.3075801749271137 0.724609375 0.29737609329446063 0.716796875 0.29591836734693877 0.708984375 0.2915451895043732 0.697265625 0.29591836734693877 0.69140625 0.28717201166180756 0.68359375 0.28425655976676384 0.681640625 0.2857142857142857 0.6640625 0.2784256559766764 0.65625 0.2784256559766764 0.650390625 0.2755102040816326 0.642578125 0.2755102040816326 0.640625 0.2784256559766764 0.63671875 0.2784256559766764 0.63671875 0.2755102040816326 0.6328125 0.2725947521865889 0.626953125 0.2725947521865889 0.623046875 0.26676384839650147 0.619140625 0.2653061224489796 0.603515625 0.26676384839650147 0.59765625 0.26384839650145775 0.591796875 0.25801749271137026 0.591796875 0.2521865889212828 0.59375 0.25072886297376096 0.609375 0.2521865889212828
1 0.568359375 0.32798833819241985 0.58203125 0.33819241982507287 0.572265625 0.3760932944606414 0.572265625 0.3848396501457726 0.58203125 0.39067055393586003 0.607421875 0.39067055393586003 0.619140625 0.3848396501457726 0.634765625 0.39504373177842567 0.638671875 0.4008746355685131 0.63671875 0.42857142857142855 0.625 0.44169096209912534 0.62109375 0.47667638483965014 0.60546875 0.48833819241982507 0.583984375 0.4912536443148688 0.580078125 0.49416909620991256 0.57421875 0.48833819241982507 0.5703125 0.47667638483965014 0.583984375 0.4752186588921283 0.587890625 0.47230320699708456 0.58984375 0.46647230320699706 0.583984375 0.45335276967930027 0.57421875 0.4489795918367347 0.576171875 0.44169096209912534 0.572265625 0.4387755102040816 0.572265625 0.4358600583090379 0.56640625 0.43440233236151604 0.5625 0.43731778425655976 0.560546875 0.4139941690962099 0.5546875 0.4096209912536443 0.5546875 0.40233236151603496 0.55859375 0.4008746355685131 0.560546875 0.3965014577259475 0.552734375 0.3892128279883382 0.548828125 0.39067055393586003 0.544921875 0.37900874635568516 0.544921875 0.37026239067055394 0.548828125 0.36151603498542273 0.546875 0.35714285714285715 0.548828125 0.33090379008746357 0.55859375 0.32653061224489793 0.56640625 0.32798833819241985
1 0.54296875 0.5524781341107872 0.546875 0.5568513119533528 0.564453125 0.5641399416909622 0.5859375 0.5670553935860059 0.58984375 0.5699708454810496 0.615234375 0.5728862973760933 0.626953125 0.577259475218659 0.65625 0.5801749271137027 0.666015625 0.5860058309037901 0.701171875 0.5860058309037901 0.70703125 0.5816326530612245 0.708984375 0.575801749271137 0.71484375 0.575801749271137 0.71875 0.5699708454810496 0.73046875 0.5670553935860059 0.75 0.5553935860058309 0.759765625 0.5539358600583091 0.763671875 0.5583090379008746 0.767578125 0.577259475218659 0.765625 0.5787172011661808 0.765625 0.5903790087463557 0.755859375 0.5947521865889213 0.75390625 0.6049562682215743 0.748046875 0.607871720116618 0.75390625 0.6137026239067055 0.75390625 0.6399416909620991 0.76171875 0.6457725947521866 0.771484375 0.6443148688046647 0.775390625 0.6399416909620991 0.7734375 0.6384839650145773 0.775390625 0.6311953352769679 0.77734375 0.6326530612244898 0.775390625 0.6399416909620991 0.779296875 0.6443148688046647 0.783203125 0.6443148688046647 0.7890625 0.6326530612244898 0.79296875 0.6355685131195336 0.794921875 0.6311953352769679 0.796875 0.6326530612244898 0.79296875 0.6443148688046647 0.7890625 0.6428571428571429 0.783203125 0.6457725947521866 0.783203125 0.6545189504373178 0.77734375 0.6559766763848397 0.771484375 0.6530612244897959 0.76953125 0.6545189504373178 0.76953125 0.6661807580174927 0.765625 0.6705539358600583 0.763671875 0.6705539358600583 0.763671875 0.6676384839650146 0.767578125 0.6647230320699709 0.765625 0.6559766763848397 0.759765625 0.6545189504373178 0.755859375 0.6574344023323615 0.7578125 0.6661807580174927 0.755859375 0.6705539358600583 0.751953125 0.673469387755102 0.73828125 0.673469387755102 0.7265625 0.6807580174927114 0.732421875 0.6924198250728864 0.732421875 0.7055393586005831 0.73828125 0.7157434402332361 0.736328125 0.7215743440233237 0.740234375 0.7244897959183674 0.744140625 0.7332361516034985 0.740234375 0.739067055393586 0.740234375 0.7448979591836735 0.7421875 0.7463556851311953 0.748046875 0.7448979591836735 0.75 0.750728862973761 0.7578125 0.7565597667638484 0.759765625 0.7478134110787172 0.75390625 0.7463556851311953 0.75390625 0.7419825072886297 0.759765625 0.7405247813411079 0.75390625 0.739067055393586 0.75390625 0.7346938775510204 0.755859375 0.7288629737609329 0.759765625 0.7259475218658892 0.759765625 0.717201166180758 0.76171875 0.7157434402332361 0.767578125 0.717201166180758 0.7734375 0.7113702623906706 0.771484375 0.7055393586005831 0.7734375 0.6982507288629738 0.775390625 0.6967930029154519 0.779296875 0.6982507288629738 0.78125 0.6938775510204082 0.78515625 0.6997084548104956 0.7890625 0.6967930029154519 0.791015625 0.6982507288629738 0.794921875 0.6953352769679301 0.787109375 0.6924198250728864 0.794921875 0.6822157434402333 0.798828125 0.6836734693877551 0.80078125 0.6924198250728864 0.802734375 0.6938775510204082 0.806640625 0.6924198250728864 0.806640625 0.6953352769679301 0.796875 0.7040816326530612 0.796875 0.7099125364431487 0.7890625 0.7157434402332361 0.7890625 0.7201166180758017 0.783203125 0.7230320699708455 0.79296875 0.7274052478134111 0.794921875 0.7346938775510204 0.794921875 0.7667638483965015 0.7890625 0.7740524781341108 0.7890625 0.7973760932944607 0.79296875 0.8061224489795918 0.791015625 0.8075801749271136 0.79296875 0.8323615160349854 0.779296875 0.8571428571428571 0.779296875 0.8717201166180758 0.78125 0.8731778425655977 0.779296875 0.8760932944606414 0.783203125 0.8833819241982507 0.783203125 0.8965014577259475 0.779296875 0.902332361516035 0.759765625 0.9154518950437318 0.744140625 0.9314868804664723 0.732421875 0.9373177842565598 0.73046875 0.9431486880466472 0.72265625 0.9518950437317785 0.708984375 0.9606413994169096 0.69921875 0.9737609329446064 0.6953125 0.9766763848396501 0.69140625 0.9766763848396501 0.689453125 0.9795918367346939 0.681640625 0.9810495626822158 0.677734375 0.9839650145772595 0.677734375 0.9868804664723032 0.67578125 0.9854227405247813 0.66796875 0.9868804664723032 0.6640625 0.9897959183673469 0.666015625 0.9941690962099126 0.65625 0.9941690962099126 0.65625 0.9897959183673469 0.6484375 0.9839650145772595 0.650390625 0.9810495626822158 0.654296875 0.9854227405247813 0.66796875 0.9766763848396501 0.669921875 0.9737609329446064 0.66796875 0.9635568513119533 0.669921875 0.9620991253644315 0.677734375 0.9635568513119533 0.6796875 0.9664723032069971 0.677734375 0.9693877551020408 0.681640625 0.9766763848396501 0.6875 0.978134110787172 0.689453125 0.9766763848396501 0.6875 0.9693877551020408 0.6953125 0.9664723032069971 0.705078125 0.9591836734693877 0.70703125 0.9518950437317785 0.712890625 0.9475218658892128 0.712890625 0.9402332361516035 0.705078125 0.9314868804664723 0.703125 0.9256559766763849 0.70703125 0.9212827988338192 0.705078125 0.9154518950437318 0.703125 0.9139941690962099 0.69921875 0.9169096209912536 0.697265625 0.9212827988338192 0.69921875 0.9271137026239067 0.693359375 0.924198250728863 0.68359375 0.9256559766763849 0.685546875 0.922740524781341 0.6875 0.924198250728863 0.693359375 0.922740524781341 0.689453125 0.9183673469387755 0.69140625 0.9052478134110787 0.6875 0.902332361516035 0.681640625 0.9052478134110787 0.677734375 0.902332361516035 0.677734375 0.8950437317784257 0.685546875 0.8965014577259475 0.69140625 0.8950437317784257 0.693359375 0.8965014577259475 0.69140625 0.9008746355685131 0.6953125 0.9037900874635568 0.69921875 0.9008746355685131 0.697265625 0.8950437317784257 0.703125 0.8950437317784257 0.7109375 0.8862973760932945 0.708984375 0.880466472303207 0.71484375 0.8760932944606414 0.716796875 0.8702623906705539 0.716796875 0.8673469387755102 0.7109375 0.8629737609329446 0.712890625 0.8571428571428571 0.7109375 0.8440233236151603 0.708984375 0.8425655976676385 0.703125 0.8454810495626822 0.705078125 0.8483965014577259 0.69921875 0.8513119533527697 0.69921875 0.8542274052478134 0.6953125 0.8571428571428571 0.69140625 0.8571428571428571 0.685546875 0.8658892128279884 0.677734375 0.8702623906705539 0.677734375 0.8658892128279884 0.671875 0.8629737609329446 0.673828125 0.858600583090379 0.671875 0.8571428571428571 0.66015625 0.8542274052478134 0.654296875 0.8556851311953353 0.650390625 0.8513119533527697 0.642578125 0.8527696793002916 0.640625 0.8498542274052479 0.630859375 0.8513119533527697 0.623046875 0.8425655976676385 0.61328125 0.8425655976676385 0.611328125 0.8483965014577259 0.607421875 0.8483965014577259 0.607421875 0.8440233236151603 0.595703125 0.8352769679300291 0.583984375 0.8367346938775511 0.583984375 0.8309037900874635 0.580078125 0.8279883381924198 0.56640625 0.8279883381924198 0.55859375 0.8221574344023324 0.552734375 0.8206997084548106 0.544921875 0.8221574344023324 0.5390625 0.814868804664723 0.53515625 0.7944606413994169 0.537109375 0.7711370262390671 0.5390625 0.7696793002915452 0.537109375 0.7653061224489796 0.5390625 0.7536443148688047 0.53515625 0.7434402332361516 0.53515625 0.7215743440233237 0.5390625 0.7215743440233237 0.544921875 0.7274052478134111 0.556640625 0.7317784256559767 0.560546875 0.7361516034985423 0.578125 0.7376093294460642 0.583984375 0.739067055393586 0.587890625 0.7434402332361516 0.58984375 0.7419825072886297 0.59375 0.7463556851311953 0.6015625 0.7448979591836735 0.603515625 0.7478134110787172 0.615234375 0.7478134110787172 0.6328125 0.7536443148688047 0.63671875 0.7594752186588921 0.6328125 0.760932944606414 0.6328125 0.7638483965014577 0.626953125 0.7682215743440233 0.625 0.7755102040816326 0.623046875 0.7755102040816326 0.62109375 0.7667638483965015 0.611328125 0.7682215743440233 0.603515625 0.7653061224489796 0.60546875 0.760932944606414 0.599609375 0.7580174927113703 0.599609375 0.7551020408163265 0.595703125 0.7521865889212828 0.591796875 0.7536443148688047 0.587890625 0.7594752186588921 0.58203125 0.760932944606414 0.578125 0.7580174927113703 0.5703125 0.7565597667638484 0.564453125 0.7580174927113703 0.556640625 0.7551020408163265 0.55078125 0.7594752186588921 0.552734375 0.7653061224489796 0.55078125 0.7682215743440233 0.5625 0.7696793002915452 0.564453125 0.7725947521865889 0.5625 0.7755102040816326 0.568359375 0.7784256559766763 0.576171875 0.7755102040816326 0.572265625 0.7711370262390671 0.580078125 0.7696793002915452 0.583984375 0.7653061224489796 0.58984375 0.7711370262390671 0.58203125 0.7725947521865889 0.578125 0.7755102040816326 0.5859375 0.7798833819241983 0.5859375 0.782798833819242 0.59765625 0.7886297376093294 0.6015625 0.7857142857142857 0.599609375 0.7798833819241983 0.6015625 0.7784256559766763 0.6015625 0.7857142857142857 0.603515625 0.7871720116618076 0.609375 0.7857142857142857 0.611328125 0.7886297376093294 0.61328125 0.8032069970845481 0.615234375 0.8046647230320699 0.625 0.8032069970845481 0.638671875 0.8163265306122449 0.642578125 0.8279883381924198 0.64453125 0.8294460641399417 0.662109375 0.8294460641399417 0.671875 0.8192419825072886 0.669921875 0.8119533527696793 0.671875 0.8032069970845481 0.6640625 0.8017492711370262 0.66015625 0.7988338192419825 0.658203125 0.8002915451895044 0.662109375 0.7886297376093294 0.65234375 0.7798833819241983 0.646484375 0.7813411078717201 0.646484375 0.7755102040816326 0.650390625 0.7682215743440233 0.64453125 0.7580174927113703 0.6484375 0.760932944606414 0.65625 0.7623906705539358 0.671875 0.760932944606414 0.67578125 0.7580174927113703 0.677734375 0.7478134110787172 0.68359375 0.7448979591836735 0.6796875 0.7376093294460642 0.681640625 0.7361516034985423 0.6796875 0.7215743440233237 0.681640625 0.7157434402332361 0.685546875 0.7128279883381924 0.677734375 0.706997084548105 0.673828125 0.706997084548105 0.669921875 0.7026239067055393 0.65625 0.6997084548104956 0.650390625 0.6924198250728864 0.6484375 0.6938775510204082 0.634765625 0.6924198250728864 0.62890625 0.6895043731778425 0.62109375 0.6909620991253644 0.6015625 0.6749271137026239 0.595703125 0.6778425655976676 0.587890625 0.6763848396501457 0.58203125 0.6793002915451894 0.57421875 0.6749271137026239 0.564453125 0.6749271137026239 0.55859375 0.6705539358600583 0.544921875 0.6690962099125365 0.537109375 0.6720116618075802 0.53515625 0.6778425655976676 0.533203125 0.6749271137026239 0.53515625 0.6676384839650146 0.529296875 0.6632653061224489 0.529296875 0.6516034985422741 0.52734375 0.6501457725947521 0.529296875 0.6457725947521866 0.529296875 0.6341107871720116 0.52734375 0.6326530612244898 0.529296875 0.619533527696793 0.525390625 0.6020408163265306 0.525390625 0.5845481049562682 0.529296875 0.5845481049562682 0.53125 0.5801749271137027 0.525390625 0.577259475218659 0.525390625 0.5743440233236151 0.52734375 0.5714285714285714 0.537109375 0.5685131195335277 0.541015625 0.5539358600583091
1 0.615234375 0.2521865889212828 0.6328125 0.25801749271137026 0.640625 0.25801749271137026 0.64453125 0.260932944606414 0.654296875 0.260932944606414 0.658203125 0.26384839650145775 0.6640625 0.26239067055393583 0.669921875 0.2653061224489796 0.681640625 0.2653061224489796 0.6953125 0.2725947521865889 0.708984375 0.2755102040816326 0.71875 0.2755102040816326 0.744140625 0.2813411078717201 0.75 0.27988338192419826 0.767578125 0.2857142857142857 0.779296875 0.28717201166180756 0.7890625 0.2915451895043732 0.8203125 0.2944606413994169 0.837890625 0.30174927113702626 0.857421875 0.3032069970845481 0.865234375 0.3075801749271137 0.880859375 0.3075801749271137 0.90234375 0.31486880466472306 0.91015625 0.31486880466472306 0.91796875 0.31924198250728864 0.91796875 0.32798833819241985 0.912109375 0.3338192419825073 0.912109375 0.336734693877551 0.90234375 0.34110787172011664 0.884765625 0.34110787172011664 0.880859375 0.33819241982507287 0.87109375 0.33819241982507287 0.853515625 0.3294460641399417 0.84765625 0.32798833819241985 0.8359375 0.3294460641399417 0.82421875 0.32215743440233235 0.814453125 0.3236151603498542 0.80078125 0.3163265306122449 0.7890625 0.3163265306122449 0.783203125 0.3119533527696793 0.77734375 0.3119533527696793 0.755859375 0.30466472303207 0.751953125 0.30612244897959184 0.748046875 0.30612244897959184 0.744140625 0.3032069970845481 0.732421875 0.30466472303207 0.7265625 0.29737609329446063 0.716796875 0.29737609329446063 0.7109375 0.29300291545189505 0.69921875 0.2944606413994169 0.6953125 0.29300291545189505 0.69140625 0.28717201166180756 0.669921875 0.282798833819242 0.66015625 0.27696793002915454 0.634765625 0.2755102040816326 0.630859375 0.27113702623906705 0.625 0.27113702623906705 0.619140625 0.26676384839650147 0.607421875 0.26676384839650147 0.58984375 0.2594752186588921 0.587890625 0.2565597667638484 0.58984375 0.25072886297376096 0.61328125 0.2521865889212828
1 0.634765625 0.30466472303207 0.6484375 0.30612244897959184 0.658203125 0.3119533527696793 0.67578125 0.3163265306122449 0.681640625 0.3206997084548105 0.685546875 0.3206997084548105 0.697265625 0.32653061224489793 0.728515625 0.33527696793002915 0.736328125 0.3396501457725947 0.751953125 0.34402332361516036 0.775390625 0.35714285714285715 0.810546875 0.3688046647230321 0.826171875 0.37755102040816324 0.84765625 0.3848396501457726 0.853515625 0.39067055393586003 0.875 0.39504373177842567 0.8828125 0.39941690962099125 0.89453125 0.4008746355685131 0.912109375 0.40816326530612246 0.912109375 0.4110787172011662 0.904296875 0.41690962099125367 0.900390625 0.41690962099125367 0.892578125 0.42419825072886297 0.880859375 0.42565597667638483 0.853515625 0.41253644314868804 0.837890625 0.40816326530612246 0.82421875 0.3979591836734694 0.810546875 0.3935860058309038 0.806640625 0.3892128279883382 0.791015625 0.3877551020408163 0.76953125 0.3760932944606414 0.759765625 0.3746355685131195 0.755859375 0.3717201166180758 0.748046875 0.37317784256559766 0.74609375 0.3688046647230321 0.73828125 0.3629737609329446 0.73046875 0.36151603498542273 0.72265625 0.35422740524781343 0.705078125 0.3498542274052478 0.69140625 0.34402332361516036 0.67578125 0.3323615160349854 0.66015625 0.32798833819241985 0.65234375 0.32798833819241985 0.6328125 0.31341107871720114 0.634765625 0.30612244897959184
1 0.6640625 0.22157434402332363 0.666015625 0.2230320699708455 0.673828125 0.22157434402332363 0.708984375 0.2230320699708455 0.71484375 0.22740524781341107 0.724609375 0.2230320699708455 0.732421875 0.22448979591836735 0.74609375 0.2230320699708455 0.75 0.22886297376093295 0.759765625 0.2230320699708455 0.763671875 0.2230320699708455 0.767578125 0.2259475218658892 0.775390625 0.2259475218658892 0.77734375 0.2230320699708455 0.78125 0.2230320699708455 0.783203125 0.2259475218658892 0.78125 0.23469387755102042 0.779296875 0.23323615160349853 0.77734375 0.23469387755102042 0.765625 0.23323615160349853 0.751953125 0.23469387755102042 0.74609375 0.2303206997084548 0.7421875 0.23323615160349853 0.736328125 0.23323615160349853 0.73046875 0.22886297376093295 0.7265625 0.23323615160349853 0.724609375 0.2303206997084548 0.71875 0.23177842565597667 0.71484375 0.22740524781341107 0.712890625 0.2303206997084548 0.70703125 0.23177842565597667 0.67578125 0.2303206997084548 0.650390625 0.2230320699708455 0.662109375 0.22157434402332363
1 0.248046875 0.3688046647230321 0.2578125 0.37026239067055394 0.2578125 0.3760932944606414 0.25 0.3877551020408163 0.234375 0.4037900874635568 0.2109375 0.42128279883381925 0.208984375 0.42857142857142855 0.1953125 0.446064139941691 0.123046875 0.5204081632653061 0.08203125 0.5670553935860059 0.0703125 0.5743440233236151 0.068359375 0.5787172011661808 0.056640625 0.5874635568513119 0.02734375 0.6224489795918368 0.01171875 0.6341107871720116 0.0078125 0.6399416909620991 0.00390625 0.6399416909620991 0 0.6355685131195336 0 0.607871720116618 0.01171875 0.6020408163265306 0.01953125 0.5889212827988338 0.033203125 0.5743440233236151 0.0546875 0.5568513119533528 0.06640625 0.5408163265306123 0.091796875 0.5247813411078717 0.09375 0.5131195335276968 0.10546875 0.5072886297376094 0.111328125 0.49854227405247814 0.134765625 0.47959183673469385 0.13671875 0.4737609329446064 0.1484375 0.46647230320699706 0.150390625 0.4606413994169096 0.158203125 0.45481049562682213 0.16015625 0.45626822157434405 0.162109375 0.45481049562682213 0.1640625 0.4518950437317784 0.162109375 0.4489795918367347 0.166015625 0.44314868804664725 0.1796875 0.43731778425655976 0.1796875 0.4314868804664723 0.185546875 0.4271137026239067 0.19140625 0.42419825072886297 0.19921875 0.42419825072886297 0.205078125 0.4198250728862974 0.205078125 0.41545189504373176 0.212890625 0.41253644314868804 0.224609375 0.40233236151603496 0.23046875 0.39504373177842567 0.232421875 0.38629737609329445 0.248046875 0.37026239067055394