1 0.4965 0.5025 0.977 0.965
1 0.7935 0.5 0.385 0.11
1 0.857 0.634 0.28 0.098
1 0.8625 0.3575 0.267 0.113
1 0.8415 0.2015 0.309 0.113
1 0.498 0.1005 0.984 0.037
1 0.502 0.711 0.982 0.06
1 0.809 0.298 0.034 0.052
1 0.6635 0.3045 0.029 0.065
1 0.4905 0.0465 0.981 0.091
1 0.8925 0.4605 0.051 0.063
1 0.454 0.3565 0.174 0.109
1 0.1775 0.3055 0.031 0.067
1 0.0565 0.3585 0.097 0.101
1 0.2825 0.501 0.545 0.112
1 0.369 0.628 0.45 0.102
1 0.1425 0.1935 0.271 0.121
1 0.206 0.1415 0.03 0.063
1 0.909 0.3065 0.034 0.065
1 0.1145 0.306 0.033 0.064
1 0.0765 0.3045 0.035 0.061
1 0.6215 0.1425 0.027 0.065
1 0.5035 0.956 0.983 0.058